"Plot Title: 20187028"
"#","Date Time, GMT-08:00","Temp, °C (LGR S/N: 20187028, SEN S/N: 20187028, LBL: Pruth12)","Coupler Detached (LGR S/N: 20187028)","Coupler Attached (LGR S/N: 20187028)","Stopped (LGR S/N: 20187028)","End Of File (LGR S/N: 20187028)"
1,12/02/17 08:20:00  AM,14.457,Logged,,,
2,12/02/17 08:30:00  AM,10.247,,,,
3,12/02/17 08:40:00  AM,9.854,,,,
4,12/02/17 08:50:00  AM,9.460,,,,
5,12/02/17 09:00:00  AM,9.262,,,,
6,12/02/17 09:10:00  AM,10.026,,,,
7,12/02/17 09:20:00  AM,10.345,,,,
8,12/02/17 09:30:00  AM,10.541,,,,
9,12/02/17 09:40:00  AM,10.638,,,,
10,12/02/17 09:50:00  AM,10.712,,,,
11,12/02/17 10:00:00  AM,10.785,,,,
12,12/02/17 10:10:00  AM,10.834,,,,
13,12/02/17 10:20:00  AM,10.858,,,,
14,12/02/17 10:30:00  AM,10.932,,,,
15,12/02/17 10:40:00  AM,11.005,,,,
16,12/02/17 10:50:00  AM,11.078,,,,
17,12/02/17 11:00:00  AM,11.200,,,,
18,12/02/17 11:10:00  AM,11.297,,,,
19,12/02/17 11:20:00  AM,11.419,,,,
20,12/02/17 11:30:00  AM,11.565,,,,
21,12/02/17 11:40:00  AM,11.880,,,,
22,12/02/17 11:50:00  AM,10.149,,,,
23,12/02/17 12:00:00  PM,9.485,,,,
24,12/02/17 12:10:00  PM,9.163,,,,
25,12/02/17 12:20:00  PM,8.965,,,,
26,12/02/17 12:30:00  PM,8.965,,,,
27,12/02/17 12:40:00  PM,8.941,,,,
28,12/02/17 12:50:00  PM,8.990,,,,
29,12/02/17 01:00:00  PM,8.990,,,,
30,12/02/17 01:10:00  PM,9.064,,,,
31,12/02/17 01:20:00  PM,9.114,,,,
32,12/02/17 01:30:00  PM,9.163,,,,
33,12/02/17 01:40:00  PM,9.163,,,,
34,12/02/17 01:50:00  PM,9.188,,,,
35,12/02/17 02:00:00  PM,9.163,,,,
36,12/02/17 02:10:00  PM,9.188,,,,
37,12/02/17 02:20:00  PM,9.188,,,,
38,12/02/17 02:30:00  PM,9.163,,,,
39,12/02/17 02:40:00  PM,9.188,,,,
40,12/02/17 02:50:00  PM,9.089,,,,
41,12/02/17 03:00:00  PM,9.064,,,,
42,12/02/17 03:10:00  PM,9.163,,,,
43,12/02/17 03:20:00  PM,6.535,,,,
44,12/02/17 03:30:00  PM,4.115,,,,
45,12/02/17 03:40:00  PM,3.827,,,,
46,12/02/17 03:50:00  PM,4.532,,,,
47,12/02/17 04:00:00  PM,4.324,,,,
48,12/02/17 04:10:00  PM,8.668,,,,
49,12/02/17 04:20:00  PM,8.668,,,,
50,12/02/17 04:30:00  PM,8.668,,,,
51,12/02/17 04:40:00  PM,8.668,,,,
52,12/02/17 04:50:00  PM,8.668,,,,
53,12/02/17 05:00:00  PM,8.668,,,,
54,12/02/17 05:10:00  PM,8.668,,,,
55,12/02/17 05:20:00  PM,8.668,,,,
56,12/02/17 05:30:00  PM,8.693,,,,
57,12/02/17 05:40:00  PM,8.693,,,,
58,12/02/17 05:50:00  PM,8.693,,,,
59,12/02/17 06:00:00  PM,8.693,,,,
60,12/02/17 06:10:00  PM,8.693,,,,
61,12/02/17 06:20:00  PM,8.668,,,,
62,12/02/17 06:30:00  PM,8.668,,,,
63,12/02/17 06:40:00  PM,8.668,,,,
64,12/02/17 06:50:00  PM,8.668,,,,
65,12/02/17 07:00:00  PM,8.668,,,,
66,12/02/17 07:10:00  PM,8.668,,,,
67,12/02/17 07:20:00  PM,8.668,,,,
68,12/02/17 07:30:00  PM,8.668,,,,
69,12/02/17 07:40:00  PM,8.668,,,,
70,12/02/17 07:50:00  PM,8.668,,,,
71,12/02/17 08:00:00  PM,8.668,,,,
72,12/02/17 08:10:00  PM,8.668,,,,
73,12/02/17 08:20:00  PM,8.668,,,,
74,12/02/17 08:30:00  PM,8.668,,,,
75,12/02/17 08:40:00  PM,8.668,,,,
76,12/02/17 08:50:00  PM,8.668,,,,
77,12/02/17 09:00:00  PM,8.668,,,,
78,12/02/17 09:10:00  PM,8.668,,,,
79,12/02/17 09:20:00  PM,8.668,,,,
80,12/02/17 09:30:00  PM,8.668,,,,
81,12/02/17 09:40:00  PM,8.668,,,,
82,12/02/17 09:50:00  PM,8.668,,,,
83,12/02/17 10:00:00  PM,8.668,,,,
84,12/02/17 10:10:00  PM,8.668,,,,
85,12/02/17 10:20:00  PM,8.668,,,,
86,12/02/17 10:30:00  PM,8.668,,,,
87,12/02/17 10:40:00  PM,8.668,,,,
88,12/02/17 10:50:00  PM,8.668,,,,
89,12/02/17 11:00:00  PM,8.643,,,,
90,12/02/17 11:10:00  PM,8.643,,,,
91,12/02/17 11:20:00  PM,8.618,,,,
92,12/02/17 11:30:00  PM,8.643,,,,
93,12/02/17 11:40:00  PM,8.668,,,,
94,12/02/17 11:50:00  PM,8.643,,,,
95,12/03/17 12:00:00  AM,8.618,,,,
96,12/03/17 12:10:00  AM,8.618,,,,
97,12/03/17 12:20:00  AM,8.618,,,,
98,12/03/17 12:30:00  AM,8.618,,,,
99,12/03/17 12:40:00  AM,8.568,,,,
100,12/03/17 12:50:00  AM,8.568,,,,
101,12/03/17 01:00:00  AM,8.643,,,,
102,12/03/17 01:10:00  AM,8.668,,,,
103,12/03/17 01:20:00  AM,8.668,,,,
104,12/03/17 01:30:00  AM,8.668,,,,
105,12/03/17 01:40:00  AM,8.668,,,,
106,12/03/17 01:50:00  AM,8.668,,,,
107,12/03/17 02:00:00  AM,8.668,,,,
108,12/03/17 02:10:00  AM,8.668,,,,
109,12/03/17 02:20:00  AM,8.668,,,,
110,12/03/17 02:30:00  AM,8.668,,,,
111,12/03/17 02:40:00  AM,8.668,,,,
112,12/03/17 02:50:00  AM,8.668,,,,
113,12/03/17 03:00:00  AM,8.693,,,,
114,12/03/17 03:10:00  AM,8.693,,,,
115,12/03/17 03:20:00  AM,8.693,,,,
116,12/03/17 03:30:00  AM,8.693,,,,
117,12/03/17 03:40:00  AM,8.693,,,,
118,12/03/17 03:50:00  AM,8.693,,,,
119,12/03/17 04:00:00  AM,8.693,,,,
120,12/03/17 04:10:00  AM,8.693,,,,
121,12/03/17 04:20:00  AM,8.693,,,,
122,12/03/17 04:30:00  AM,8.693,,,,
123,12/03/17 04:40:00  AM,8.693,,,,
124,12/03/17 04:50:00  AM,8.693,,,,
125,12/03/17 05:00:00  AM,8.693,,,,
126,12/03/17 05:10:00  AM,8.693,,,,
127,12/03/17 05:20:00  AM,8.668,,,,
128,12/03/17 05:30:00  AM,8.668,,,,
129,12/03/17 05:40:00  AM,8.668,,,,
130,12/03/17 05:50:00  AM,8.668,,,,
131,12/03/17 06:00:00  AM,8.668,,,,
132,12/03/17 06:10:00  AM,8.668,,,,
133,12/03/17 06:20:00  AM,8.668,,,,
134,12/03/17 06:30:00  AM,8.668,,,,
135,12/03/17 06:40:00  AM,8.668,,,,
136,12/03/17 06:50:00  AM,8.643,,,,
137,12/03/17 07:00:00  AM,8.643,,,,
138,12/03/17 07:10:00  AM,8.643,,,,
139,12/03/17 07:20:00  AM,8.643,,,,
140,12/03/17 07:30:00  AM,8.643,,,,
141,12/03/17 07:40:00  AM,8.618,,,,
142,12/03/17 07:50:00  AM,8.618,,,,
143,12/03/17 08:00:00  AM,8.618,,,,
144,12/03/17 08:10:00  AM,8.618,,,,
145,12/03/17 08:20:00  AM,8.618,,,,
146,12/03/17 08:30:00  AM,8.618,,,,
147,12/03/17 08:40:00  AM,8.618,,,,
148,12/03/17 08:50:00  AM,8.618,,,,
149,12/03/17 09:00:00  AM,8.643,,,,
150,12/03/17 09:10:00  AM,8.668,,,,
151,12/03/17 09:20:00  AM,8.668,,,,
152,12/03/17 09:30:00  AM,8.668,,,,
153,12/03/17 09:40:00  AM,8.668,,,,
154,12/03/17 09:50:00  AM,8.668,,,,
155,12/03/17 10:00:00  AM,8.668,,,,
156,12/03/17 10:10:00  AM,8.668,,,,
157,12/03/17 10:20:00  AM,8.668,,,,
158,12/03/17 10:30:00  AM,8.668,,,,
159,12/03/17 10:40:00  AM,8.668,,,,
160,12/03/17 10:50:00  AM,8.668,,,,
161,12/03/17 11:00:00  AM,8.668,,,,
162,12/03/17 11:10:00  AM,8.668,,,,
163,12/03/17 11:20:00  AM,8.693,,,,
164,12/03/17 11:30:00  AM,8.693,,,,
165,12/03/17 11:40:00  AM,8.693,,,,
166,12/03/17 11:50:00  AM,8.693,,,,
167,12/03/17 12:00:00  PM,8.693,,,,
168,12/03/17 12:10:00  PM,8.693,,,,
169,12/03/17 12:20:00  PM,8.693,,,,
170,12/03/17 12:30:00  PM,8.693,,,,
171,12/03/17 12:40:00  PM,8.693,,,,
172,12/03/17 12:50:00  PM,8.668,,,,
173,12/03/17 01:00:00  PM,8.693,,,,
174,12/03/17 01:10:00  PM,8.693,,,,
175,12/03/17 01:20:00  PM,8.693,,,,
176,12/03/17 01:30:00  PM,8.693,,,,
177,12/03/17 01:40:00  PM,8.693,,,,
178,12/03/17 01:50:00  PM,8.693,,,,
179,12/03/17 02:00:00  PM,8.693,,,,
180,12/03/17 02:10:00  PM,8.693,,,,
181,12/03/17 02:20:00  PM,8.693,,,,
182,12/03/17 02:30:00  PM,8.693,,,,
183,12/03/17 02:40:00  PM,8.693,,,,
184,12/03/17 02:50:00  PM,8.693,,,,
185,12/03/17 03:00:00  PM,8.693,,,,
186,12/03/17 03:10:00  PM,8.693,,,,
187,12/03/17 03:20:00  PM,8.717,,,,
188,12/03/17 03:30:00  PM,8.717,,,,
189,12/03/17 03:40:00  PM,8.693,,,,
190,12/03/17 03:50:00  PM,8.693,,,,
191,12/03/17 04:00:00  PM,8.693,,,,
192,12/03/17 04:10:00  PM,8.693,,,,
193,12/03/17 04:20:00  PM,8.693,,,,
194,12/03/17 04:30:00  PM,8.693,,,,
195,12/03/17 04:40:00  PM,8.717,,,,
196,12/03/17 04:50:00  PM,8.693,,,,
197,12/03/17 05:00:00  PM,8.693,,,,
198,12/03/17 05:10:00  PM,8.693,,,,
199,12/03/17 05:20:00  PM,8.693,,,,
200,12/03/17 05:30:00  PM,8.693,,,,
201,12/03/17 05:40:00  PM,8.693,,,,
202,12/03/17 05:50:00  PM,8.693,,,,
203,12/03/17 06:00:00  PM,8.668,,,,
204,12/03/17 06:10:00  PM,8.668,,,,
205,12/03/17 06:20:00  PM,8.693,,,,
206,12/03/17 06:30:00  PM,8.693,,,,
207,12/03/17 06:40:00  PM,8.693,,,,
208,12/03/17 06:50:00  PM,8.693,,,,
209,12/03/17 07:00:00  PM,8.693,,,,
210,12/03/17 07:10:00  PM,8.693,,,,
211,12/03/17 07:20:00  PM,8.693,,,,
212,12/03/17 07:30:00  PM,8.693,,,,
213,12/03/17 07:40:00  PM,8.693,,,,
214,12/03/17 07:50:00  PM,8.693,,,,
215,12/03/17 08:00:00  PM,8.693,,,,
216,12/03/17 08:10:00  PM,8.693,,,,
217,12/03/17 08:20:00  PM,8.693,,,,
218,12/03/17 08:30:00  PM,8.693,,,,
219,12/03/17 08:40:00  PM,8.668,,,,
220,12/03/17 08:50:00  PM,8.668,,,,
221,12/03/17 09:00:00  PM,8.668,,,,
222,12/03/17 09:10:00  PM,8.668,,,,
223,12/03/17 09:20:00  PM,8.693,,,,
224,12/03/17 09:30:00  PM,8.668,,,,
225,12/03/17 09:40:00  PM,8.668,,,,
226,12/03/17 09:50:00  PM,8.668,,,,
227,12/03/17 10:00:00  PM,8.668,,,,
228,12/03/17 10:10:00  PM,8.668,,,,
229,12/03/17 10:20:00  PM,8.668,,,,
230,12/03/17 10:30:00  PM,8.668,,,,
231,12/03/17 10:40:00  PM,8.668,,,,
232,12/03/17 10:50:00  PM,8.668,,,,
233,12/03/17 11:00:00  PM,8.693,,,,
234,12/03/17 11:10:00  PM,8.693,,,,
235,12/03/17 11:20:00  PM,8.693,,,,
236,12/03/17 11:30:00  PM,8.693,,,,
237,12/03/17 11:40:00  PM,8.693,,,,
238,12/03/17 11:50:00  PM,8.693,,,,
239,12/04/17 12:00:00  AM,8.693,,,,
240,12/04/17 12:10:00  AM,8.693,,,,
241,12/04/17 12:20:00  AM,8.693,,,,
242,12/04/17 12:30:00  AM,8.693,,,,
243,12/04/17 12:40:00  AM,8.693,,,,
244,12/04/17 12:50:00  AM,8.693,,,,
245,12/04/17 01:00:00  AM,8.693,,,,
246,12/04/17 01:10:00  AM,8.693,,,,
247,12/04/17 01:20:00  AM,8.693,,,,
248,12/04/17 01:30:00  AM,8.693,,,,
249,12/04/17 01:40:00  AM,8.693,,,,
250,12/04/17 01:50:00  AM,8.668,,,,
251,12/04/17 02:00:00  AM,8.668,,,,
252,12/04/17 02:10:00  AM,8.668,,,,
253,12/04/17 02:20:00  AM,8.668,,,,
254,12/04/17 02:30:00  AM,8.668,,,,
255,12/04/17 02:40:00  AM,8.668,,,,
256,12/04/17 02:50:00  AM,8.668,,,,
257,12/04/17 03:00:00  AM,8.668,,,,
258,12/04/17 03:10:00  AM,8.668,,,,
259,12/04/17 03:20:00  AM,8.668,,,,
260,12/04/17 03:30:00  AM,8.668,,,,
261,12/04/17 03:40:00  AM,8.668,,,,
262,12/04/17 03:50:00  AM,8.668,,,,
263,12/04/17 04:00:00  AM,8.668,,,,
264,12/04/17 04:10:00  AM,8.668,,,,
265,12/04/17 04:20:00  AM,8.668,,,,
266,12/04/17 04:30:00  AM,8.693,,,,
267,12/04/17 04:40:00  AM,8.693,,,,
268,12/04/17 04:50:00  AM,8.693,,,,
269,12/04/17 05:00:00  AM,8.693,,,,
270,12/04/17 05:10:00  AM,8.693,,,,
271,12/04/17 05:20:00  AM,8.693,,,,
272,12/04/17 05:30:00  AM,8.693,,,,
273,12/04/17 05:40:00  AM,8.693,,,,
274,12/04/17 05:50:00  AM,8.693,,,,
275,12/04/17 06:00:00  AM,8.693,,,,
276,12/04/17 06:10:00  AM,8.693,,,,
277,12/04/17 06:20:00  AM,8.693,,,,
278,12/04/17 06:30:00  AM,8.693,,,,
279,12/04/17 06:40:00  AM,8.693,,,,
280,12/04/17 06:50:00  AM,8.693,,,,
281,12/04/17 07:00:00  AM,8.693,,,,
282,12/04/17 07:10:00  AM,8.693,,,,
283,12/04/17 07:20:00  AM,8.693,,,,
284,12/04/17 07:30:00  AM,8.693,,,,
285,12/04/17 07:40:00  AM,8.693,,,,
286,12/04/17 07:50:00  AM,8.668,,,,
287,12/04/17 08:00:00  AM,8.668,,,,
288,12/04/17 08:10:00  AM,8.668,,,,
289,12/04/17 08:20:00  AM,8.668,,,,
290,12/04/17 08:30:00  AM,8.668,,,,
291,12/04/17 08:40:00  AM,8.668,,,,
292,12/04/17 08:50:00  AM,8.668,,,,
293,12/04/17 09:00:00  AM,8.668,,,,
294,12/04/17 09:10:00  AM,8.668,,,,
295,12/04/17 09:20:00  AM,8.668,,,,
296,12/04/17 09:30:00  AM,8.668,,,,
297,12/04/17 09:40:00  AM,8.668,,,,
298,12/04/17 09:50:00  AM,8.668,,,,
299,12/04/17 10:00:00  AM,8.668,,,,
300,12/04/17 10:10:00  AM,8.668,,,,
301,12/04/17 10:20:00  AM,8.668,,,,
302,12/04/17 10:30:00  AM,8.668,,,,
303,12/04/17 10:40:00  AM,8.693,,,,
304,12/04/17 10:50:00  AM,8.693,,,,
305,12/04/17 11:00:00  AM,8.693,,,,
306,12/04/17 11:10:00  AM,8.693,,,,
307,12/04/17 11:20:00  AM,8.693,,,,
308,12/04/17 11:30:00  AM,8.693,,,,
309,12/04/17 11:40:00  AM,8.693,,,,
310,12/04/17 11:50:00  AM,8.693,,,,
311,12/04/17 12:00:00  PM,8.693,,,,
312,12/04/17 12:10:00  PM,8.693,,,,
313,12/04/17 12:20:00  PM,8.693,,,,
314,12/04/17 12:30:00  PM,8.693,,,,
315,12/04/17 12:40:00  PM,8.693,,,,
316,12/04/17 12:50:00  PM,8.693,,,,
317,12/04/17 01:00:00  PM,8.693,,,,
318,12/04/17 01:10:00  PM,8.693,,,,
319,12/04/17 01:20:00  PM,8.693,,,,
320,12/04/17 01:30:00  PM,8.693,,,,
321,12/04/17 01:40:00  PM,8.693,,,,
322,12/04/17 01:50:00  PM,8.668,,,,
323,12/04/17 02:00:00  PM,8.668,,,,
324,12/04/17 02:10:00  PM,8.693,,,,
325,12/04/17 02:20:00  PM,8.693,,,,
326,12/04/17 02:30:00  PM,8.693,,,,
327,12/04/17 02:40:00  PM,8.693,,,,
328,12/04/17 02:50:00  PM,8.693,,,,
329,12/04/17 03:00:00  PM,8.668,,,,
330,12/04/17 03:10:00  PM,8.693,,,,
331,12/04/17 03:20:00  PM,8.693,,,,
332,12/04/17 03:30:00  PM,8.693,,,,
333,12/04/17 03:40:00  PM,8.693,,,,
334,12/04/17 03:50:00  PM,8.693,,,,
335,12/04/17 04:00:00  PM,8.693,,,,
336,12/04/17 04:10:00  PM,8.693,,,,
337,12/04/17 04:20:00  PM,8.693,,,,
338,12/04/17 04:30:00  PM,8.693,,,,
339,12/04/17 04:40:00  PM,8.693,,,,
340,12/04/17 04:50:00  PM,8.693,,,,
341,12/04/17 05:00:00  PM,8.693,,,,
342,12/04/17 05:10:00  PM,8.693,,,,
343,12/04/17 05:20:00  PM,8.693,,,,
344,12/04/17 05:30:00  PM,8.693,,,,
345,12/04/17 05:40:00  PM,8.693,,,,
346,12/04/17 05:50:00  PM,8.693,,,,
347,12/04/17 06:00:00  PM,8.693,,,,
348,12/04/17 06:10:00  PM,8.693,,,,
349,12/04/17 06:20:00  PM,8.693,,,,
350,12/04/17 06:30:00  PM,8.693,,,,
351,12/04/17 06:40:00  PM,8.668,,,,
352,12/04/17 06:50:00  PM,8.693,,,,
353,12/04/17 07:00:00  PM,8.693,,,,
354,12/04/17 07:10:00  PM,8.693,,,,
355,12/04/17 07:20:00  PM,8.693,,,,
356,12/04/17 07:30:00  PM,8.693,,,,
357,12/04/17 07:40:00  PM,8.693,,,,
358,12/04/17 07:50:00  PM,8.693,,,,
359,12/04/17 08:00:00  PM,8.693,,,,
360,12/04/17 08:10:00  PM,8.693,,,,
361,12/04/17 08:20:00  PM,8.693,,,,
362,12/04/17 08:30:00  PM,8.668,,,,
363,12/04/17 08:40:00  PM,8.668,,,,
364,12/04/17 08:50:00  PM,8.668,,,,
365,12/04/17 09:00:00  PM,8.668,,,,
366,12/04/17 09:10:00  PM,8.668,,,,
367,12/04/17 09:20:00  PM,8.643,,,,
368,12/04/17 09:30:00  PM,8.643,,,,
369,12/04/17 09:40:00  PM,8.643,,,,
370,12/04/17 09:50:00  PM,8.618,,,,
371,12/04/17 10:00:00  PM,8.643,,,,
372,12/04/17 10:10:00  PM,8.618,,,,
373,12/04/17 10:20:00  PM,8.593,,,,
374,12/04/17 10:30:00  PM,8.593,,,,
375,12/04/17 10:40:00  PM,8.593,,,,
376,12/04/17 10:50:00  PM,8.593,,,,
377,12/04/17 11:00:00  PM,8.593,,,,
378,12/04/17 11:10:00  PM,8.593,,,,
379,12/04/17 11:20:00  PM,8.568,,,,
380,12/04/17 11:30:00  PM,8.593,,,,
381,12/04/17 11:40:00  PM,8.593,,,,
382,12/04/17 11:50:00  PM,8.593,,,,
383,12/05/17 12:00:00  AM,8.643,,,,
384,12/05/17 12:10:00  AM,8.643,,,,
385,12/05/17 12:20:00  AM,8.643,,,,
386,12/05/17 12:30:00  AM,8.643,,,,
387,12/05/17 12:40:00  AM,8.643,,,,
388,12/05/17 12:50:00  AM,8.643,,,,
389,12/05/17 01:00:00  AM,8.643,,,,
390,12/05/17 01:10:00  AM,8.643,,,,
391,12/05/17 01:20:00  AM,8.618,,,,
392,12/05/17 01:30:00  AM,8.618,,,,
393,12/05/17 01:40:00  AM,8.643,,,,
394,12/05/17 01:50:00  AM,8.643,,,,
395,12/05/17 02:00:00  AM,8.643,,,,
396,12/05/17 02:10:00  AM,8.668,,,,
397,12/05/17 02:20:00  AM,8.643,,,,
398,12/05/17 02:30:00  AM,8.643,,,,
399,12/05/17 02:40:00  AM,8.643,,,,
400,12/05/17 02:50:00  AM,8.643,,,,
401,12/05/17 03:00:00  AM,8.643,,,,
402,12/05/17 03:10:00  AM,8.643,,,,
403,12/05/17 03:20:00  AM,8.643,,,,
404,12/05/17 03:30:00  AM,8.643,,,,
405,12/05/17 03:40:00  AM,8.618,,,,
406,12/05/17 03:50:00  AM,8.618,,,,
407,12/05/17 04:00:00  AM,8.618,,,,
408,12/05/17 04:10:00  AM,8.643,,,,
409,12/05/17 04:20:00  AM,8.643,,,,
410,12/05/17 04:30:00  AM,8.643,,,,
411,12/05/17 04:40:00  AM,8.643,,,,
412,12/05/17 04:50:00  AM,8.668,,,,
413,12/05/17 05:00:00  AM,8.668,,,,
414,12/05/17 05:10:00  AM,8.643,,,,
415,12/05/17 05:20:00  AM,8.618,,,,
416,12/05/17 05:30:00  AM,8.618,,,,
417,12/05/17 05:40:00  AM,8.618,,,,
418,12/05/17 05:50:00  AM,8.643,,,,
419,12/05/17 06:00:00  AM,8.643,,,,
420,12/05/17 06:10:00  AM,8.643,,,,
421,12/05/17 06:20:00  AM,8.643,,,,
422,12/05/17 06:30:00  AM,8.643,,,,
423,12/05/17 06:40:00  AM,8.618,,,,
424,12/05/17 06:50:00  AM,8.618,,,,
425,12/05/17 07:00:00  AM,8.618,,,,
426,12/05/17 07:10:00  AM,8.643,,,,
427,12/05/17 07:20:00  AM,8.618,,,,
428,12/05/17 07:30:00  AM,8.643,,,,
429,12/05/17 07:40:00  AM,8.643,,,,
430,12/05/17 07:50:00  AM,8.643,,,,
431,12/05/17 08:00:00  AM,8.643,,,,
432,12/05/17 08:10:00  AM,8.643,,,,
433,12/05/17 08:20:00  AM,8.643,,,,
434,12/05/17 08:30:00  AM,8.643,,,,
435,12/05/17 08:40:00  AM,8.643,,,,
436,12/05/17 08:50:00  AM,8.643,,,,
437,12/05/17 09:00:00  AM,8.643,,,,
438,12/05/17 09:10:00  AM,8.643,,,,
439,12/05/17 09:20:00  AM,8.643,,,,
440,12/05/17 09:30:00  AM,8.643,,,,
441,12/05/17 09:40:00  AM,8.643,,,,
442,12/05/17 09:50:00  AM,8.643,,,,
443,12/05/17 10:00:00  AM,8.643,,,,
444,12/05/17 10:10:00  AM,8.643,,,,
445,12/05/17 10:20:00  AM,8.643,,,,
446,12/05/17 10:30:00  AM,8.643,,,,
447,12/05/17 10:40:00  AM,8.643,,,,
448,12/05/17 10:50:00  AM,8.643,,,,
449,12/05/17 11:00:00  AM,8.643,,,,
450,12/05/17 11:10:00  AM,8.643,,,,
451,12/05/17 11:20:00  AM,8.618,,,,
452,12/05/17 11:30:00  AM,8.643,,,,
453,12/05/17 11:40:00  AM,8.618,,,,
454,12/05/17 11:50:00  AM,8.618,,,,
455,12/05/17 12:00:00  PM,8.643,,,,
456,12/05/17 12:10:00  PM,8.643,,,,
457,12/05/17 12:20:00  PM,8.643,,,,
458,12/05/17 12:30:00  PM,8.618,,,,
459,12/05/17 12:40:00  PM,8.618,,,,
460,12/05/17 12:50:00  PM,8.593,,,,
461,12/05/17 01:00:00  PM,8.618,,,,
462,12/05/17 01:10:00  PM,8.618,,,,
463,12/05/17 01:20:00  PM,8.643,,,,
464,12/05/17 01:30:00  PM,8.643,,,,
465,12/05/17 01:40:00  PM,8.643,,,,
466,12/05/17 01:50:00  PM,8.643,,,,
467,12/05/17 02:00:00  PM,8.643,,,,
468,12/05/17 02:10:00  PM,8.643,,,,
469,12/05/17 02:20:00  PM,8.618,,,,
470,12/05/17 02:30:00  PM,8.618,,,,
471,12/05/17 02:40:00  PM,8.618,,,,
472,12/05/17 02:50:00  PM,8.618,,,,
473,12/05/17 03:00:00  PM,8.618,,,,
474,12/05/17 03:10:00  PM,8.618,,,,
475,12/05/17 03:20:00  PM,8.618,,,,
476,12/05/17 03:30:00  PM,8.618,,,,
477,12/05/17 03:40:00  PM,8.618,,,,
478,12/05/17 03:50:00  PM,8.593,,,,
479,12/05/17 04:00:00  PM,8.593,,,,
480,12/05/17 04:10:00  PM,8.593,,,,
481,12/05/17 04:20:00  PM,8.568,,,,
482,12/05/17 04:30:00  PM,8.568,,,,
483,12/05/17 04:40:00  PM,8.568,,,,
484,12/05/17 04:50:00  PM,8.568,,,,
485,12/05/17 05:00:00  PM,8.568,,,,
486,12/05/17 05:10:00  PM,8.593,,,,
487,12/05/17 05:20:00  PM,8.568,,,,
488,12/05/17 05:30:00  PM,8.593,,,,
489,12/05/17 05:40:00  PM,8.618,,,,
490,12/05/17 05:50:00  PM,8.593,,,,
491,12/05/17 06:00:00  PM,8.593,,,,
492,12/05/17 06:10:00  PM,8.593,,,,
493,12/05/17 06:20:00  PM,8.593,,,,
494,12/05/17 06:30:00  PM,8.568,,,,
495,12/05/17 06:40:00  PM,8.568,,,,
496,12/05/17 06:50:00  PM,8.568,,,,
497,12/05/17 07:00:00  PM,8.568,,,,
498,12/05/17 07:10:00  PM,8.593,,,,
499,12/05/17 07:20:00  PM,8.568,,,,
500,12/05/17 07:30:00  PM,8.593,,,,
501,12/05/17 07:40:00  PM,8.618,,,,
502,12/05/17 07:50:00  PM,8.618,,,,
503,12/05/17 08:00:00  PM,8.618,,,,
504,12/05/17 08:10:00  PM,8.618,,,,
505,12/05/17 08:20:00  PM,8.593,,,,
506,12/05/17 08:30:00  PM,8.593,,,,
507,12/05/17 08:40:00  PM,8.568,,,,
508,12/05/17 08:50:00  PM,8.593,,,,
509,12/05/17 09:00:00  PM,8.593,,,,
510,12/05/17 09:10:00  PM,8.618,,,,
511,12/05/17 09:20:00  PM,8.618,,,,
512,12/05/17 09:30:00  PM,8.618,,,,
513,12/05/17 09:40:00  PM,8.618,,,,
514,12/05/17 09:50:00  PM,8.618,,,,
515,12/05/17 10:00:00  PM,8.643,,,,
516,12/05/17 10:10:00  PM,8.643,,,,
517,12/05/17 10:20:00  PM,8.643,,,,
518,12/05/17 10:30:00  PM,8.643,,,,
519,12/05/17 10:40:00  PM,8.643,,,,
520,12/05/17 10:50:00  PM,8.643,,,,
521,12/05/17 11:00:00  PM,8.668,,,,
522,12/05/17 11:10:00  PM,8.643,,,,
523,12/05/17 11:20:00  PM,8.643,,,,
524,12/05/17 11:30:00  PM,8.643,,,,
525,12/05/17 11:40:00  PM,8.643,,,,
526,12/05/17 11:50:00  PM,8.643,,,,
527,12/06/17 12:00:00  AM,8.643,,,,
528,12/06/17 12:10:00  AM,8.643,,,,
529,12/06/17 12:20:00  AM,8.643,,,,
530,12/06/17 12:30:00  AM,8.618,,,,
531,12/06/17 12:40:00  AM,8.618,,,,
532,12/06/17 12:50:00  AM,8.643,,,,
533,12/06/17 01:00:00  AM,8.643,,,,
534,12/06/17 01:10:00  AM,8.643,,,,
535,12/06/17 01:20:00  AM,8.643,,,,
536,12/06/17 01:30:00  AM,8.643,,,,
537,12/06/17 01:40:00  AM,8.643,,,,
538,12/06/17 01:50:00  AM,8.643,,,,
539,12/06/17 02:00:00  AM,8.643,,,,
540,12/06/17 02:10:00  AM,8.643,,,,
541,12/06/17 02:20:00  AM,8.643,,,,
542,12/06/17 02:30:00  AM,8.643,,,,
543,12/06/17 02:40:00  AM,8.643,,,,
544,12/06/17 02:50:00  AM,8.643,,,,
545,12/06/17 03:00:00  AM,8.643,,,,
546,12/06/17 03:10:00  AM,8.643,,,,
547,12/06/17 03:20:00  AM,8.643,,,,
548,12/06/17 03:30:00  AM,8.643,,,,
549,12/06/17 03:40:00  AM,8.618,,,,
550,12/06/17 03:50:00  AM,8.618,,,,
551,12/06/17 04:00:00  AM,8.618,,,,
552,12/06/17 04:10:00  AM,8.618,,,,
553,12/06/17 04:20:00  AM,8.618,,,,
554,12/06/17 04:30:00  AM,8.618,,,,
555,12/06/17 04:40:00  AM,8.618,,,,
556,12/06/17 04:50:00  AM,8.593,,,,
557,12/06/17 05:00:00  AM,8.618,,,,
558,12/06/17 05:10:00  AM,8.618,,,,
559,12/06/17 05:20:00  AM,8.643,,,,
560,12/06/17 05:30:00  AM,8.618,,,,
561,12/06/17 05:40:00  AM,8.618,,,,
562,12/06/17 05:50:00  AM,8.618,,,,
563,12/06/17 06:00:00  AM,8.618,,,,
564,12/06/17 06:10:00  AM,8.618,,,,
565,12/06/17 06:20:00  AM,8.618,,,,
566,12/06/17 06:30:00  AM,8.618,,,,
567,12/06/17 06:40:00  AM,8.618,,,,
568,12/06/17 06:50:00  AM,8.618,,,,
569,12/06/17 07:00:00  AM,8.618,,,,
570,12/06/17 07:10:00  AM,8.618,,,,
571,12/06/17 07:20:00  AM,8.593,,,,
572,12/06/17 07:30:00  AM,8.593,,,,
573,12/06/17 07:40:00  AM,8.593,,,,
574,12/06/17 07:50:00  AM,8.593,,,,
575,12/06/17 08:00:00  AM,8.568,,,,
576,12/06/17 08:10:00  AM,8.568,,,,
577,12/06/17 08:20:00  AM,8.568,,,,
578,12/06/17 08:30:00  AM,8.618,,,,
579,12/06/17 08:40:00  AM,8.618,,,,
580,12/06/17 08:50:00  AM,8.618,,,,
581,12/06/17 09:00:00  AM,8.618,,,,
582,12/06/17 09:10:00  AM,8.618,,,,
583,12/06/17 09:20:00  AM,8.618,,,,
584,12/06/17 09:30:00  AM,8.618,,,,
585,12/06/17 09:40:00  AM,8.618,,,,
586,12/06/17 09:50:00  AM,8.618,,,,
587,12/06/17 10:00:00  AM,8.618,,,,
588,12/06/17 10:10:00  AM,8.618,,,,
589,12/06/17 10:20:00  AM,8.618,,,,
590,12/06/17 10:30:00  AM,8.618,,,,
591,12/06/17 10:40:00  AM,8.618,,,,
592,12/06/17 10:50:00  AM,8.618,,,,
593,12/06/17 11:00:00  AM,8.618,,,,
594,12/06/17 11:10:00  AM,8.618,,,,
595,12/06/17 11:20:00  AM,8.618,,,,
596,12/06/17 11:30:00  AM,8.618,,,,
597,12/06/17 11:40:00  AM,8.618,,,,
598,12/06/17 11:50:00  AM,8.618,,,,
599,12/06/17 12:00:00  PM,8.618,,,,
600,12/06/17 12:10:00  PM,8.618,,,,
601,12/06/17 12:20:00  PM,8.618,,,,
602,12/06/17 12:30:00  PM,8.643,,,,
603,12/06/17 12:40:00  PM,8.618,,,,
604,12/06/17 12:50:00  PM,8.618,,,,
605,12/06/17 01:00:00  PM,8.618,,,,
606,12/06/17 01:10:00  PM,8.643,,,,
607,12/06/17 01:20:00  PM,8.643,,,,
608,12/06/17 01:30:00  PM,8.643,,,,
609,12/06/17 01:40:00  PM,8.643,,,,
610,12/06/17 01:50:00  PM,8.643,,,,
611,12/06/17 02:00:00  PM,8.643,,,,
612,12/06/17 02:10:00  PM,8.643,,,,
613,12/06/17 02:20:00  PM,8.643,,,,
614,12/06/17 02:30:00  PM,8.643,,,,
615,12/06/17 02:40:00  PM,8.643,,,,
616,12/06/17 02:50:00  PM,8.643,,,,
617,12/06/17 03:00:00  PM,8.643,,,,
618,12/06/17 03:10:00  PM,8.643,,,,
619,12/06/17 03:20:00  PM,8.643,,,,
620,12/06/17 03:30:00  PM,8.643,,,,
621,12/06/17 03:40:00  PM,8.643,,,,
622,12/06/17 03:50:00  PM,8.643,,,,
623,12/06/17 04:00:00  PM,8.643,,,,
624,12/06/17 04:10:00  PM,8.643,,,,
625,12/06/17 04:20:00  PM,8.643,,,,
626,12/06/17 04:30:00  PM,8.643,,,,
627,12/06/17 04:40:00  PM,8.643,,,,
628,12/06/17 04:50:00  PM,8.643,,,,
629,12/06/17 05:00:00  PM,8.643,,,,
630,12/06/17 05:10:00  PM,8.643,,,,
631,12/06/17 05:20:00  PM,8.643,,,,
632,12/06/17 05:30:00  PM,8.643,,,,
633,12/06/17 05:40:00  PM,8.643,,,,
634,12/06/17 05:50:00  PM,8.643,,,,
635,12/06/17 06:00:00  PM,8.643,,,,
636,12/06/17 06:10:00  PM,8.643,,,,
637,12/06/17 06:20:00  PM,8.643,,,,
638,12/06/17 06:30:00  PM,8.643,,,,
639,12/06/17 06:40:00  PM,8.643,,,,
640,12/06/17 06:50:00  PM,8.643,,,,
641,12/06/17 07:00:00  PM,8.643,,,,
642,12/06/17 07:10:00  PM,8.643,,,,
643,12/06/17 07:20:00  PM,8.643,,,,
644,12/06/17 07:30:00  PM,8.643,,,,
645,12/06/17 07:40:00  PM,8.643,,,,
646,12/06/17 07:50:00  PM,8.618,,,,
647,12/06/17 08:00:00  PM,8.618,,,,
648,12/06/17 08:10:00  PM,8.618,,,,
649,12/06/17 08:20:00  PM,8.643,,,,
650,12/06/17 08:30:00  PM,8.643,,,,
651,12/06/17 08:40:00  PM,8.643,,,,
652,12/06/17 08:50:00  PM,8.643,,,,
653,12/06/17 09:00:00  PM,8.643,,,,
654,12/06/17 09:10:00  PM,8.643,,,,
655,12/06/17 09:20:00  PM,8.643,,,,
656,12/06/17 09:30:00  PM,8.643,,,,
657,12/06/17 09:40:00  PM,8.643,,,,
658,12/06/17 09:50:00  PM,8.643,,,,
659,12/06/17 10:00:00  PM,8.643,,,,
660,12/06/17 10:10:00  PM,8.643,,,,
661,12/06/17 10:20:00  PM,8.643,,,,
662,12/06/17 10:30:00  PM,8.618,,,,
663,12/06/17 10:40:00  PM,8.618,,,,
664,12/06/17 10:50:00  PM,8.618,,,,
665,12/06/17 11:00:00  PM,8.618,,,,
666,12/06/17 11:10:00  PM,8.593,,,,
667,12/06/17 11:20:00  PM,8.593,,,,
668,12/06/17 11:30:00  PM,8.593,,,,
669,12/06/17 11:40:00  PM,8.568,,,,
670,12/06/17 11:50:00  PM,8.568,,,,
671,12/07/17 12:00:00  AM,8.568,,,,
672,12/07/17 12:10:00  AM,8.568,,,,
673,12/07/17 12:20:00  AM,8.568,,,,
674,12/07/17 12:30:00  AM,8.543,,,,
675,12/07/17 12:40:00  AM,8.543,,,,
676,12/07/17 12:50:00  AM,8.543,,,,
677,12/07/17 01:00:00  AM,8.543,,,,
678,12/07/17 01:10:00  AM,8.543,,,,
679,12/07/17 01:20:00  AM,8.543,,,,
680,12/07/17 01:30:00  AM,8.543,,,,
681,12/07/17 01:40:00  AM,8.543,,,,
682,12/07/17 01:50:00  AM,8.543,,,,
683,12/07/17 02:00:00  AM,8.593,,,,
684,12/07/17 02:10:00  AM,8.593,,,,
685,12/07/17 02:20:00  AM,8.593,,,,
686,12/07/17 02:30:00  AM,8.618,,,,
687,12/07/17 02:40:00  AM,8.593,,,,
688,12/07/17 02:50:00  AM,8.593,,,,
689,12/07/17 03:00:00  AM,8.593,,,,
690,12/07/17 03:10:00  AM,8.568,,,,
691,12/07/17 03:20:00  AM,8.568,,,,
692,12/07/17 03:30:00  AM,8.543,,,,
693,12/07/17 03:40:00  AM,8.568,,,,
694,12/07/17 03:50:00  AM,8.543,,,,
695,12/07/17 04:00:00  AM,8.543,,,,
696,12/07/17 04:10:00  AM,8.519,,,,
697,12/07/17 04:20:00  AM,8.543,,,,
698,12/07/17 04:30:00  AM,8.494,,,,
699,12/07/17 04:40:00  AM,8.519,,,,
700,12/07/17 04:50:00  AM,8.494,,,,
701,12/07/17 05:00:00  AM,8.543,,,,
702,12/07/17 05:10:00  AM,8.519,,,,
703,12/07/17 05:20:00  AM,8.543,,,,
704,12/07/17 05:30:00  AM,8.543,,,,
705,12/07/17 05:40:00  AM,8.568,,,,
706,12/07/17 05:50:00  AM,8.568,,,,
707,12/07/17 06:00:00  AM,8.568,,,,
708,12/07/17 06:10:00  AM,8.568,,,,
709,12/07/17 06:20:00  AM,8.593,,,,
710,12/07/17 06:30:00  AM,8.618,,,,
711,12/07/17 06:40:00  AM,8.593,,,,
712,12/07/17 06:50:00  AM,8.618,,,,
713,12/07/17 07:00:00  AM,8.618,,,,
714,12/07/17 07:10:00  AM,8.618,,,,
715,12/07/17 07:20:00  AM,8.643,,,,
716,12/07/17 07:30:00  AM,8.618,,,,
717,12/07/17 07:40:00  AM,8.643,,,,
718,12/07/17 07:50:00  AM,8.618,,,,
719,12/07/17 08:00:00  AM,8.618,,,,
720,12/07/17 08:10:00  AM,8.618,,,,
721,12/07/17 08:20:00  AM,8.618,,,,
722,12/07/17 08:30:00  AM,8.618,,,,
723,12/07/17 08:40:00  AM,8.618,,,,
724,12/07/17 08:50:00  AM,8.618,,,,
725,12/07/17 09:00:00  AM,8.618,,,,
726,12/07/17 09:10:00  AM,8.618,,,,
727,12/07/17 09:20:00  AM,8.618,,,,
728,12/07/17 09:30:00  AM,8.618,,,,
729,12/07/17 09:40:00  AM,8.618,,,,
730,12/07/17 09:50:00  AM,8.618,,,,
731,12/07/17 10:00:00  AM,8.618,,,,
732,12/07/17 10:10:00  AM,8.618,,,,
733,12/07/17 10:20:00  AM,8.618,,,,
734,12/07/17 10:30:00  AM,8.593,,,,
735,12/07/17 10:40:00  AM,8.593,,,,
736,12/07/17 10:50:00  AM,8.593,,,,
737,12/07/17 11:00:00  AM,8.568,,,,
738,12/07/17 11:10:00  AM,8.568,,,,
739,12/07/17 11:20:00  AM,8.568,,,,
740,12/07/17 11:30:00  AM,8.568,,,,
741,12/07/17 11:40:00  AM,8.568,,,,
742,12/07/17 11:50:00  AM,8.593,,,,
743,12/07/17 12:00:00  PM,8.568,,,,
744,12/07/17 12:10:00  PM,8.568,,,,
745,12/07/17 12:20:00  PM,8.568,,,,
746,12/07/17 12:30:00  PM,8.568,,,,
747,12/07/17 12:40:00  PM,8.593,,,,
748,12/07/17 12:50:00  PM,8.568,,,,
749,12/07/17 01:00:00  PM,8.593,,,,
750,12/07/17 01:10:00  PM,8.593,,,,
751,12/07/17 01:20:00  PM,8.593,,,,
752,12/07/17 01:30:00  PM,8.593,,,,
753,12/07/17 01:40:00  PM,8.593,,,,
754,12/07/17 01:50:00  PM,8.593,,,,
755,12/07/17 02:00:00  PM,8.618,,,,
756,12/07/17 02:10:00  PM,8.643,,,,
757,12/07/17 02:20:00  PM,8.643,,,,
758,12/07/17 02:30:00  PM,8.618,,,,
759,12/07/17 02:40:00  PM,8.593,,,,
760,12/07/17 02:50:00  PM,8.593,,,,
761,12/07/17 03:00:00  PM,8.593,,,,
762,12/07/17 03:10:00  PM,8.593,,,,
763,12/07/17 03:20:00  PM,8.593,,,,
764,12/07/17 03:30:00  PM,8.593,,,,
765,12/07/17 03:40:00  PM,8.618,,,,
766,12/07/17 03:50:00  PM,8.618,,,,
767,12/07/17 04:00:00  PM,8.618,,,,
768,12/07/17 04:10:00  PM,8.618,,,,
769,12/07/17 04:20:00  PM,8.618,,,,
770,12/07/17 04:30:00  PM,8.618,,,,
771,12/07/17 04:40:00  PM,8.618,,,,
772,12/07/17 04:50:00  PM,8.618,,,,
773,12/07/17 05:00:00  PM,8.618,,,,
774,12/07/17 05:10:00  PM,8.618,,,,
775,12/07/17 05:20:00  PM,8.618,,,,
776,12/07/17 05:30:00  PM,8.643,,,,
777,12/07/17 05:40:00  PM,8.643,,,,
778,12/07/17 05:50:00  PM,8.643,,,,
779,12/07/17 06:00:00  PM,8.643,,,,
780,12/07/17 06:10:00  PM,8.643,,,,
781,12/07/17 06:20:00  PM,8.643,,,,
782,12/07/17 06:30:00  PM,8.643,,,,
783,12/07/17 06:40:00  PM,8.643,,,,
784,12/07/17 06:50:00  PM,8.643,,,,
785,12/07/17 07:00:00  PM,8.643,,,,
786,12/07/17 07:10:00  PM,8.643,,,,
787,12/07/17 07:20:00  PM,8.643,,,,
788,12/07/17 07:30:00  PM,8.618,,,,
789,12/07/17 07:40:00  PM,8.643,,,,
790,12/07/17 07:50:00  PM,8.643,,,,
791,12/07/17 08:00:00  PM,8.618,,,,
792,12/07/17 08:10:00  PM,8.618,,,,
793,12/07/17 08:20:00  PM,8.643,,,,
794,12/07/17 08:30:00  PM,8.643,,,,
795,12/07/17 08:40:00  PM,8.643,,,,
796,12/07/17 08:50:00  PM,8.643,,,,
797,12/07/17 09:00:00  PM,8.643,,,,
798,12/07/17 09:10:00  PM,8.643,,,,
799,12/07/17 09:20:00  PM,8.618,,,,
800,12/07/17 09:30:00  PM,8.618,,,,
801,12/07/17 09:40:00  PM,8.618,,,,
802,12/07/17 09:50:00  PM,8.618,,,,
803,12/07/17 10:00:00  PM,8.618,,,,
804,12/07/17 10:10:00  PM,8.618,,,,
805,12/07/17 10:20:00  PM,8.618,,,,
806,12/07/17 10:30:00  PM,8.593,,,,
807,12/07/17 10:40:00  PM,8.568,,,,
808,12/07/17 10:50:00  PM,8.568,,,,
809,12/07/17 11:00:00  PM,8.568,,,,
810,12/07/17 11:10:00  PM,8.543,,,,
811,12/07/17 11:20:00  PM,8.543,,,,
812,12/07/17 11:30:00  PM,8.543,,,,
813,12/07/17 11:40:00  PM,8.519,,,,
814,12/07/17 11:50:00  PM,8.543,,,,
815,12/08/17 12:00:00  AM,8.519,,,,
816,12/08/17 12:10:00  AM,8.543,,,,
817,12/08/17 12:20:00  AM,8.543,,,,
818,12/08/17 12:30:00  AM,8.519,,,,
819,12/08/17 12:40:00  AM,8.519,,,,
820,12/08/17 12:50:00  AM,8.519,,,,
821,12/08/17 01:00:00  AM,8.519,,,,
822,12/08/17 01:10:00  AM,8.519,,,,
823,12/08/17 01:20:00  AM,8.543,,,,
824,12/08/17 01:30:00  AM,8.519,,,,
825,12/08/17 01:40:00  AM,8.568,,,,
826,12/08/17 01:50:00  AM,8.568,,,,
827,12/08/17 02:00:00  AM,8.568,,,,
828,12/08/17 02:10:00  AM,8.568,,,,
829,12/08/17 02:20:00  AM,8.568,,,,
830,12/08/17 02:30:00  AM,8.568,,,,
831,12/08/17 02:40:00  AM,8.568,,,,
832,12/08/17 02:50:00  AM,8.568,,,,
833,12/08/17 03:00:00  AM,8.568,,,,
834,12/08/17 03:10:00  AM,8.568,,,,
835,12/08/17 03:20:00  AM,8.494,,,,
836,12/08/17 03:30:00  AM,8.519,,,,
837,12/08/17 03:40:00  AM,8.444,,,,
838,12/08/17 03:50:00  AM,8.419,,,,
839,12/08/17 04:00:00  AM,8.394,,,,
840,12/08/17 04:10:00  AM,8.369,,,,
841,12/08/17 04:20:00  AM,8.419,,,,
842,12/08/17 04:30:00  AM,8.419,,,,
843,12/08/17 04:40:00  AM,8.369,,,,
844,12/08/17 04:50:00  AM,8.419,,,,
845,12/08/17 05:00:00  AM,8.469,,,,
846,12/08/17 05:10:00  AM,8.469,,,,
847,12/08/17 05:20:00  AM,8.494,,,,
848,12/08/17 05:30:00  AM,8.494,,,,
849,12/08/17 05:40:00  AM,8.494,,,,
850,12/08/17 05:50:00  AM,8.469,,,,
851,12/08/17 06:00:00  AM,8.494,,,,
852,12/08/17 06:10:00  AM,8.494,,,,
853,12/08/17 06:20:00  AM,8.494,,,,
854,12/08/17 06:30:00  AM,8.543,,,,
855,12/08/17 06:40:00  AM,8.593,,,,
856,12/08/17 06:50:00  AM,8.593,,,,
857,12/08/17 07:00:00  AM,8.593,,,,
858,12/08/17 07:10:00  AM,8.593,,,,
859,12/08/17 07:20:00  AM,8.593,,,,
860,12/08/17 07:30:00  AM,8.593,,,,
861,12/08/17 07:40:00  AM,8.593,,,,
862,12/08/17 07:50:00  AM,8.618,,,,
863,12/08/17 08:00:00  AM,8.618,,,,
864,12/08/17 08:10:00  AM,8.618,,,,
865,12/08/17 08:20:00  AM,8.618,,,,
866,12/08/17 08:30:00  AM,8.618,,,,
867,12/08/17 08:40:00  AM,8.618,,,,
868,12/08/17 08:50:00  AM,8.618,,,,
869,12/08/17 09:00:00  AM,8.618,,,,
870,12/08/17 09:10:00  AM,8.618,,,,
871,12/08/17 09:20:00  AM,8.643,,,,
872,12/08/17 09:30:00  AM,8.643,,,,
873,12/08/17 09:40:00  AM,8.643,,,,
874,12/08/17 09:50:00  AM,8.643,,,,
875,12/08/17 10:00:00  AM,8.618,,,,
876,12/08/17 10:10:00  AM,8.593,,,,
877,12/08/17 10:20:00  AM,8.593,,,,
878,12/08/17 10:30:00  AM,8.593,,,,
879,12/08/17 10:40:00  AM,8.618,,,,
880,12/08/17 10:50:00  AM,8.593,,,,
881,12/08/17 11:00:00  AM,8.568,,,,
882,12/08/17 11:10:00  AM,8.568,,,,
883,12/08/17 11:20:00  AM,8.568,,,,
884,12/08/17 11:30:00  AM,8.568,,,,
885,12/08/17 11:40:00  AM,8.568,,,,
886,12/08/17 11:50:00  AM,8.543,,,,
887,12/08/17 12:00:00  PM,8.543,,,,
888,12/08/17 12:10:00  PM,8.568,,,,
889,12/08/17 12:20:00  PM,8.568,,,,
890,12/08/17 12:30:00  PM,8.568,,,,
891,12/08/17 12:40:00  PM,8.568,,,,
892,12/08/17 12:50:00  PM,8.568,,,,
893,12/08/17 01:00:00  PM,8.568,,,,
894,12/08/17 01:10:00  PM,8.568,,,,
895,12/08/17 01:20:00  PM,8.568,,,,
896,12/08/17 01:30:00  PM,8.593,,,,
897,12/08/17 01:40:00  PM,8.593,,,,
898,12/08/17 01:50:00  PM,8.618,,,,
899,12/08/17 02:00:00  PM,8.618,,,,
900,12/08/17 02:10:00  PM,8.618,,,,
901,12/08/17 02:20:00  PM,8.618,,,,
902,12/08/17 02:30:00  PM,8.618,,,,
903,12/08/17 02:40:00  PM,8.618,,,,
904,12/08/17 02:50:00  PM,8.643,,,,
905,12/08/17 03:00:00  PM,8.618,,,,
906,12/08/17 03:10:00  PM,8.618,,,,
907,12/08/17 03:20:00  PM,8.618,,,,
908,12/08/17 03:30:00  PM,8.618,,,,
909,12/08/17 03:40:00  PM,8.618,,,,
910,12/08/17 03:50:00  PM,8.618,,,,
911,12/08/17 04:00:00  PM,8.618,,,,
912,12/08/17 04:10:00  PM,8.618,,,,
913,12/08/17 04:20:00  PM,8.618,,,,
914,12/08/17 04:30:00  PM,8.618,,,,
915,12/08/17 04:40:00  PM,8.618,,,,
916,12/08/17 04:50:00  PM,8.618,,,,
917,12/08/17 05:00:00  PM,8.618,,,,
918,12/08/17 05:10:00  PM,8.618,,,,
919,12/08/17 05:20:00  PM,8.618,,,,
920,12/08/17 05:30:00  PM,8.618,,,,
921,12/08/17 05:40:00  PM,8.618,,,,
922,12/08/17 05:50:00  PM,8.618,,,,
923,12/08/17 06:00:00  PM,8.618,,,,
924,12/08/17 06:10:00  PM,8.643,,,,
925,12/08/17 06:20:00  PM,8.643,,,,
926,12/08/17 06:30:00  PM,8.618,,,,
927,12/08/17 06:40:00  PM,8.618,,,,
928,12/08/17 06:50:00  PM,8.618,,,,
929,12/08/17 07:00:00  PM,8.618,,,,
930,12/08/17 07:10:00  PM,8.618,,,,
931,12/08/17 07:20:00  PM,8.618,,,,
932,12/08/17 07:30:00  PM,8.643,,,,
933,12/08/17 07:40:00  PM,8.643,,,,
934,12/08/17 07:50:00  PM,8.618,,,,
935,12/08/17 08:00:00  PM,8.618,,,,
936,12/08/17 08:10:00  PM,8.643,,,,
937,12/08/17 08:20:00  PM,8.618,,,,
938,12/08/17 08:30:00  PM,8.618,,,,
939,12/08/17 08:40:00  PM,8.618,,,,
940,12/08/17 08:50:00  PM,8.618,,,,
941,12/08/17 09:00:00  PM,8.618,,,,
942,12/08/17 09:10:00  PM,8.618,,,,
943,12/08/17 09:20:00  PM,8.618,,,,
944,12/08/17 09:30:00  PM,8.618,,,,
945,12/08/17 09:40:00  PM,8.618,,,,
946,12/08/17 09:50:00  PM,8.618,,,,
947,12/08/17 10:00:00  PM,8.618,,,,
948,12/08/17 10:10:00  PM,8.618,,,,
949,12/08/17 10:20:00  PM,8.618,,,,
950,12/08/17 10:30:00  PM,8.593,,,,
951,12/08/17 10:40:00  PM,8.593,,,,
952,12/08/17 10:50:00  PM,8.593,,,,
953,12/08/17 11:00:00  PM,8.593,,,,
954,12/08/17 11:10:00  PM,8.593,,,,
955,12/08/17 11:20:00  PM,8.593,,,,
956,12/08/17 11:30:00  PM,8.568,,,,
957,12/08/17 11:40:00  PM,8.568,,,,
958,12/08/17 11:50:00  PM,8.568,,,,
959,12/09/17 12:00:00  AM,8.568,,,,
960,12/09/17 12:10:00  AM,8.543,,,,
961,12/09/17 12:20:00  AM,8.568,,,,
962,12/09/17 12:30:00  AM,8.543,,,,
963,12/09/17 12:40:00  AM,8.568,,,,
964,12/09/17 12:50:00  AM,8.568,,,,
965,12/09/17 01:00:00  AM,8.543,,,,
966,12/09/17 01:10:00  AM,8.543,,,,
967,12/09/17 01:20:00  AM,8.568,,,,
968,12/09/17 01:30:00  AM,8.568,,,,
969,12/09/17 01:40:00  AM,8.568,,,,
970,12/09/17 01:50:00  AM,8.618,,,,
971,12/09/17 02:00:00  AM,8.568,,,,
972,12/09/17 02:10:00  AM,8.543,,,,
973,12/09/17 02:20:00  AM,8.568,,,,
974,12/09/17 02:30:00  AM,8.568,,,,
975,12/09/17 02:40:00  AM,8.618,,,,
976,12/09/17 02:50:00  AM,8.618,,,,
977,12/09/17 03:00:00  AM,8.618,,,,
978,12/09/17 03:10:00  AM,8.593,,,,
979,12/09/17 03:20:00  AM,8.593,,,,
980,12/09/17 03:30:00  AM,8.593,,,,
981,12/09/17 03:40:00  AM,8.593,,,,
982,12/09/17 03:50:00  AM,8.593,,,,
983,12/09/17 04:00:00  AM,8.593,,,,
984,12/09/17 04:10:00  AM,8.593,,,,
985,12/09/17 04:20:00  AM,8.568,,,,
986,12/09/17 04:30:00  AM,8.568,,,,
987,12/09/17 04:40:00  AM,8.568,,,,
988,12/09/17 04:50:00  AM,8.568,,,,
989,12/09/17 05:00:00  AM,8.568,,,,
990,12/09/17 05:10:00  AM,8.543,,,,
991,12/09/17 05:20:00  AM,8.543,,,,
992,12/09/17 05:30:00  AM,8.543,,,,
993,12/09/17 05:40:00  AM,8.543,,,,
994,12/09/17 05:50:00  AM,8.543,,,,
995,12/09/17 06:00:00  AM,8.543,,,,
996,12/09/17 06:10:00  AM,8.543,,,,
997,12/09/17 06:20:00  AM,8.543,,,,
998,12/09/17 06:30:00  AM,8.519,,,,
999,12/09/17 06:40:00  AM,8.519,,,,
1000,12/09/17 06:50:00  AM,8.494,,,,
1001,12/09/17 07:00:00  AM,8.519,,,,
1002,12/09/17 07:10:00  AM,8.519,,,,
1003,12/09/17 07:20:00  AM,8.568,,,,
1004,12/09/17 07:30:00  AM,8.568,,,,
1005,12/09/17 07:40:00  AM,8.568,,,,
1006,12/09/17 07:50:00  AM,8.593,,,,
1007,12/09/17 08:00:00  AM,8.593,,,,
1008,12/09/17 08:10:00  AM,8.593,,,,
1009,12/09/17 08:20:00  AM,8.593,,,,
1010,12/09/17 08:30:00  AM,8.593,,,,
1011,12/09/17 08:40:00  AM,8.593,,,,
1012,12/09/17 08:50:00  AM,8.593,,,,
1013,12/09/17 09:00:00  AM,8.593,,,,
1014,12/09/17 09:10:00  AM,8.618,,,,
1015,12/09/17 09:20:00  AM,8.618,,,,
1016,12/09/17 09:30:00  AM,8.618,,,,
1017,12/09/17 09:40:00  AM,8.618,,,,
1018,12/09/17 09:50:00  AM,8.618,,,,
1019,12/09/17 10:00:00  AM,8.618,,,,
1020,12/09/17 10:10:00  AM,8.618,,,,
1021,12/09/17 10:20:00  AM,8.618,,,,
1022,12/09/17 10:30:00  AM,8.593,,,,
1023,12/09/17 10:40:00  AM,8.593,,,,
1024,12/09/17 10:50:00  AM,8.618,,,,
1025,12/09/17 11:00:00  AM,8.618,,,,
1026,12/09/17 11:10:00  AM,8.618,,,,
1027,12/09/17 11:20:00  AM,8.643,,,,
1028,12/09/17 11:30:00  AM,8.618,,,,
1029,12/09/17 11:40:00  AM,8.618,,,,
1030,12/09/17 11:50:00  AM,8.618,,,,
1031,12/09/17 12:00:00  PM,8.618,,,,
1032,12/09/17 12:10:00  PM,8.618,,,,
1033,12/09/17 12:20:00  PM,8.618,,,,
1034,12/09/17 12:30:00  PM,8.618,,,,
1035,12/09/17 12:40:00  PM,8.618,,,,
1036,12/09/17 12:50:00  PM,8.618,,,,
1037,12/09/17 01:00:00  PM,8.593,,,,
1038,12/09/17 01:10:00  PM,8.618,,,,
1039,12/09/17 01:20:00  PM,8.618,,,,
1040,12/09/17 01:30:00  PM,8.593,,,,
1041,12/09/17 01:40:00  PM,8.593,,,,
1042,12/09/17 01:50:00  PM,8.618,,,,
1043,12/09/17 02:00:00  PM,8.618,,,,
1044,12/09/17 02:10:00  PM,8.618,,,,
1045,12/09/17 02:20:00  PM,8.618,,,,
1046,12/09/17 02:30:00  PM,8.618,,,,
1047,12/09/17 02:40:00  PM,8.593,,,,
1048,12/09/17 02:50:00  PM,8.593,,,,
1049,12/09/17 03:00:00  PM,8.593,,,,
1050,12/09/17 03:10:00  PM,8.618,,,,
1051,12/09/17 03:20:00  PM,8.618,,,,
1052,12/09/17 03:30:00  PM,8.618,,,,
1053,12/09/17 03:40:00  PM,8.618,,,,
1054,12/09/17 03:50:00  PM,8.643,,,,
1055,12/09/17 04:00:00  PM,8.618,,,,
1056,12/09/17 04:10:00  PM,8.618,,,,
1057,12/09/17 04:20:00  PM,8.618,,,,
1058,12/09/17 04:30:00  PM,8.618,,,,
1059,12/09/17 04:40:00  PM,8.618,,,,
1060,12/09/17 04:50:00  PM,8.618,,,,
1061,12/09/17 05:00:00  PM,8.643,,,,
1062,12/09/17 05:10:00  PM,8.643,,,,
1063,12/09/17 05:20:00  PM,8.643,,,,
1064,12/09/17 05:30:00  PM,8.643,,,,
1065,12/09/17 05:40:00  PM,8.643,,,,
1066,12/09/17 05:50:00  PM,8.643,,,,
1067,12/09/17 06:00:00  PM,8.643,,,,
1068,12/09/17 06:10:00  PM,8.643,,,,
1069,12/09/17 06:20:00  PM,8.643,,,,
1070,12/09/17 06:30:00  PM,8.643,,,,
1071,12/09/17 06:40:00  PM,8.643,,,,
1072,12/09/17 06:50:00  PM,8.643,,,,
1073,12/09/17 07:00:00  PM,8.643,,,,
1074,12/09/17 07:10:00  PM,8.643,,,,
1075,12/09/17 07:20:00  PM,8.643,,,,
1076,12/09/17 07:30:00  PM,8.643,,,,
1077,12/09/17 07:40:00  PM,8.643,,,,
1078,12/09/17 07:50:00  PM,8.643,,,,
1079,12/09/17 08:00:00  PM,8.643,,,,
1080,12/09/17 08:10:00  PM,8.643,,,,
1081,12/09/17 08:20:00  PM,8.643,,,,
1082,12/09/17 08:30:00  PM,8.643,,,,
1083,12/09/17 08:40:00  PM,8.643,,,,
1084,12/09/17 08:50:00  PM,8.643,,,,
1085,12/09/17 09:00:00  PM,8.643,,,,
1086,12/09/17 09:10:00  PM,8.643,,,,
1087,12/09/17 09:20:00  PM,8.643,,,,
1088,12/09/17 09:30:00  PM,8.618,,,,
1089,12/09/17 09:40:00  PM,8.643,,,,
1090,12/09/17 09:50:00  PM,8.643,,,,
1091,12/09/17 10:00:00  PM,8.643,,,,
1092,12/09/17 10:10:00  PM,8.643,,,,
1093,12/09/17 10:20:00  PM,8.643,,,,
1094,12/09/17 10:30:00  PM,8.643,,,,
1095,12/09/17 10:40:00  PM,8.643,,,,
1096,12/09/17 10:50:00  PM,8.643,,,,
1097,12/09/17 11:00:00  PM,8.643,,,,
1098,12/09/17 11:10:00  PM,8.643,,,,
1099,12/09/17 11:20:00  PM,8.618,,,,
1100,12/09/17 11:30:00  PM,8.643,,,,
1101,12/09/17 11:40:00  PM,8.643,,,,
1102,12/09/17 11:50:00  PM,8.643,,,,
1103,12/10/17 12:00:00  AM,8.618,,,,
1104,12/10/17 12:10:00  AM,8.618,,,,
1105,12/10/17 12:20:00  AM,8.618,,,,
1106,12/10/17 12:30:00  AM,8.618,,,,
1107,12/10/17 12:40:00  AM,8.618,,,,
1108,12/10/17 12:50:00  AM,8.593,,,,
1109,12/10/17 01:00:00  AM,8.593,,,,
1110,12/10/17 01:10:00  AM,8.593,,,,
1111,12/10/17 01:20:00  AM,8.593,,,,
1112,12/10/17 01:30:00  AM,8.593,,,,
1113,12/10/17 01:40:00  AM,8.593,,,,
1114,12/10/17 01:50:00  AM,8.593,,,,
1115,12/10/17 02:00:00  AM,8.593,,,,
1116,12/10/17 02:10:00  AM,8.593,,,,
1117,12/10/17 02:20:00  AM,8.593,,,,
1118,12/10/17 02:30:00  AM,8.593,,,,
1119,12/10/17 02:40:00  AM,8.593,,,,
1120,12/10/17 02:50:00  AM,8.593,,,,
1121,12/10/17 03:00:00  AM,8.618,,,,
1122,12/10/17 03:10:00  AM,8.618,,,,
1123,12/10/17 03:20:00  AM,8.618,,,,
1124,12/10/17 03:30:00  AM,8.618,,,,
1125,12/10/17 03:40:00  AM,8.618,,,,
1126,12/10/17 03:50:00  AM,8.618,,,,
1127,12/10/17 04:00:00  AM,8.618,,,,
1128,12/10/17 04:10:00  AM,8.618,,,,
1129,12/10/17 04:20:00  AM,8.618,,,,
1130,12/10/17 04:30:00  AM,8.618,,,,
1131,12/10/17 04:40:00  AM,8.618,,,,
1132,12/10/17 04:50:00  AM,8.618,,,,
1133,12/10/17 05:00:00  AM,8.618,,,,
1134,12/10/17 05:10:00  AM,8.618,,,,
1135,12/10/17 05:20:00  AM,8.618,,,,
1136,12/10/17 05:30:00  AM,8.618,,,,
1137,12/10/17 05:40:00  AM,8.618,,,,
1138,12/10/17 05:50:00  AM,8.618,,,,
1139,12/10/17 06:00:00  AM,8.618,,,,
1140,12/10/17 06:10:00  AM,8.593,,,,
1141,12/10/17 06:20:00  AM,8.593,,,,
1142,12/10/17 06:30:00  AM,8.593,,,,
1143,12/10/17 06:40:00  AM,8.593,,,,
1144,12/10/17 06:50:00  AM,8.568,,,,
1145,12/10/17 07:00:00  AM,8.593,,,,
1146,12/10/17 07:10:00  AM,8.593,,,,
1147,12/10/17 07:20:00  AM,8.593,,,,
1148,12/10/17 07:30:00  AM,8.593,,,,
1149,12/10/17 07:40:00  AM,8.593,,,,
1150,12/10/17 07:50:00  AM,8.593,,,,
1151,12/10/17 08:00:00  AM,8.593,,,,
1152,12/10/17 08:10:00  AM,8.593,,,,
1153,12/10/17 08:20:00  AM,8.593,,,,
1154,12/10/17 08:30:00  AM,8.593,,,,
1155,12/10/17 08:40:00  AM,8.593,,,,
1156,12/10/17 08:50:00  AM,8.618,,,,
1157,12/10/17 09:00:00  AM,8.618,,,,
1158,12/10/17 09:10:00  AM,8.618,,,,
1159,12/10/17 09:20:00  AM,8.618,,,,
1160,12/10/17 09:30:00  AM,8.618,,,,
1161,12/10/17 09:40:00  AM,8.618,,,,
1162,12/10/17 09:50:00  AM,8.618,,,,
1163,12/10/17 10:00:00  AM,8.618,,,,
1164,12/10/17 10:10:00  AM,8.593,,,,
1165,12/10/17 10:20:00  AM,8.593,,,,
1166,12/10/17 10:30:00  AM,8.593,,,,
1167,12/10/17 10:40:00  AM,8.593,,,,
1168,12/10/17 10:50:00  AM,8.593,,,,
1169,12/10/17 11:00:00  AM,8.593,,,,
1170,12/10/17 11:10:00  AM,8.593,,,,
1171,12/10/17 11:20:00  AM,8.593,,,,
1172,12/10/17 11:30:00  AM,8.593,,,,
1173,12/10/17 11:40:00  AM,8.593,,,,
1174,12/10/17 11:50:00  AM,8.593,,,,
1175,12/10/17 12:00:00  PM,8.593,,,,
1176,12/10/17 12:10:00  PM,8.593,,,,
1177,12/10/17 12:20:00  PM,8.593,,,,
1178,12/10/17 12:30:00  PM,8.618,,,,
1179,12/10/17 12:40:00  PM,8.618,,,,
1180,12/10/17 12:50:00  PM,8.618,,,,
1181,12/10/17 01:00:00  PM,8.618,,,,
1182,12/10/17 01:10:00  PM,8.618,,,,
1183,12/10/17 01:20:00  PM,8.618,,,,
1184,12/10/17 01:30:00  PM,8.618,,,,
1185,12/10/17 01:40:00  PM,8.618,,,,
1186,12/10/17 01:50:00  PM,8.618,,,,
1187,12/10/17 02:00:00  PM,8.618,,,,
1188,12/10/17 02:10:00  PM,8.618,,,,
1189,12/10/17 02:20:00  PM,8.618,,,,
1190,12/10/17 02:30:00  PM,8.618,,,,
1191,12/10/17 02:40:00  PM,8.618,,,,
1192,12/10/17 02:50:00  PM,8.618,,,,
1193,12/10/17 03:00:00  PM,8.643,,,,
1194,12/10/17 03:10:00  PM,8.643,,,,
1195,12/10/17 03:20:00  PM,8.643,,,,
1196,12/10/17 03:30:00  PM,8.643,,,,
1197,12/10/17 03:40:00  PM,8.643,,,,
1198,12/10/17 03:50:00  PM,8.643,,,,
1199,12/10/17 04:00:00  PM,8.618,,,,
1200,12/10/17 04:10:00  PM,8.618,,,,
1201,12/10/17 04:20:00  PM,8.618,,,,
1202,12/10/17 04:30:00  PM,8.618,,,,
1203,12/10/17 04:40:00  PM,8.618,,,,
1204,12/10/17 04:50:00  PM,8.618,,,,
1205,12/10/17 05:00:00  PM,8.618,,,,
1206,12/10/17 05:10:00  PM,8.618,,,,
1207,12/10/17 05:20:00  PM,8.618,,,,
1208,12/10/17 05:30:00  PM,8.618,,,,
1209,12/10/17 05:40:00  PM,8.618,,,,
1210,12/10/17 05:50:00  PM,8.618,,,,
1211,12/10/17 06:00:00  PM,8.618,,,,
1212,12/10/17 06:10:00  PM,8.618,,,,
1213,12/10/17 06:20:00  PM,8.618,,,,
1214,12/10/17 06:30:00  PM,8.618,,,,
1215,12/10/17 06:40:00  PM,8.618,,,,
1216,12/10/17 06:50:00  PM,8.618,,,,
1217,12/10/17 07:00:00  PM,8.618,,,,
1218,12/10/17 07:10:00  PM,8.618,,,,
1219,12/10/17 07:20:00  PM,8.618,,,,
1220,12/10/17 07:30:00  PM,8.618,,,,
1221,12/10/17 07:40:00  PM,8.618,,,,
1222,12/10/17 07:50:00  PM,8.618,,,,
1223,12/10/17 08:00:00  PM,8.593,,,,
1224,12/10/17 08:10:00  PM,8.593,,,,
1225,12/10/17 08:20:00  PM,8.593,,,,
1226,12/10/17 08:30:00  PM,8.593,,,,
1227,12/10/17 08:40:00  PM,8.568,,,,
1228,12/10/17 08:50:00  PM,8.568,,,,
1229,12/10/17 09:00:00  PM,8.568,,,,
1230,12/10/17 09:10:00  PM,8.568,,,,
1231,12/10/17 09:20:00  PM,8.568,,,,
1232,12/10/17 09:30:00  PM,8.543,,,,
1233,12/10/17 09:40:00  PM,8.543,,,,
1234,12/10/17 09:50:00  PM,8.543,,,,
1235,12/10/17 10:00:00  PM,8.543,,,,
1236,12/10/17 10:10:00  PM,8.543,,,,
1237,12/10/17 10:20:00  PM,8.519,,,,
1238,12/10/17 10:30:00  PM,8.543,,,,
1239,12/10/17 10:40:00  PM,8.543,,,,
1240,12/10/17 10:50:00  PM,8.593,,,,
1241,12/10/17 11:00:00  PM,8.568,,,,
1242,12/10/17 11:10:00  PM,8.568,,,,
1243,12/10/17 11:20:00  PM,8.593,,,,
1244,12/10/17 11:30:00  PM,8.593,,,,
1245,12/10/17 11:40:00  PM,8.593,,,,
1246,12/10/17 11:50:00  PM,8.593,,,,
1247,12/11/17 12:00:00  AM,8.593,,,,
1248,12/11/17 12:10:00  AM,8.593,,,,
1249,12/11/17 12:20:00  AM,8.593,,,,
1250,12/11/17 12:30:00  AM,8.593,,,,
1251,12/11/17 12:40:00  AM,8.593,,,,
1252,12/11/17 12:50:00  AM,8.593,,,,
1253,12/11/17 01:00:00  AM,8.593,,,,
1254,12/11/17 01:10:00  AM,8.593,,,,
1255,12/11/17 01:20:00  AM,8.593,,,,
1256,12/11/17 01:30:00  AM,8.593,,,,
1257,12/11/17 01:40:00  AM,8.618,,,,
1258,12/11/17 01:50:00  AM,8.618,,,,
1259,12/11/17 02:00:00  AM,8.618,,,,
1260,12/11/17 02:10:00  AM,8.618,,,,
1261,12/11/17 02:20:00  AM,8.593,,,,
1262,12/11/17 02:30:00  AM,8.618,,,,
1263,12/11/17 02:40:00  AM,8.618,,,,
1264,12/11/17 02:50:00  AM,8.618,,,,
1265,12/11/17 03:00:00  AM,8.618,,,,
1266,12/11/17 03:10:00  AM,8.618,,,,
1267,12/11/17 03:20:00  AM,8.618,,,,
1268,12/11/17 03:30:00  AM,8.618,,,,
1269,12/11/17 03:40:00  AM,8.618,,,,
1270,12/11/17 03:50:00  AM,8.618,,,,
1271,12/11/17 04:00:00  AM,8.593,,,,
1272,12/11/17 04:10:00  AM,8.593,,,,
1273,12/11/17 04:20:00  AM,8.593,,,,
1274,12/11/17 04:30:00  AM,8.593,,,,
1275,12/11/17 04:40:00  AM,8.593,,,,
1276,12/11/17 04:50:00  AM,8.593,,,,
1277,12/11/17 05:00:00  AM,8.593,,,,
1278,12/11/17 05:10:00  AM,8.593,,,,
1279,12/11/17 05:20:00  AM,8.593,,,,
1280,12/11/17 05:30:00  AM,8.593,,,,
1281,12/11/17 05:40:00  AM,8.593,,,,
1282,12/11/17 05:50:00  AM,8.593,,,,
1283,12/11/17 06:00:00  AM,8.593,,,,
1284,12/11/17 06:10:00  AM,8.593,,,,
1285,12/11/17 06:20:00  AM,8.593,,,,
1286,12/11/17 06:30:00  AM,8.618,,,,
1287,12/11/17 06:40:00  AM,8.618,,,,
1288,12/11/17 06:50:00  AM,8.618,,,,
1289,12/11/17 07:00:00  AM,8.618,,,,
1290,12/11/17 07:10:00  AM,8.618,,,,
1291,12/11/17 07:20:00  AM,8.618,,,,
1292,12/11/17 07:30:00  AM,8.618,,,,
1293,12/11/17 07:40:00  AM,8.618,,,,
1294,12/11/17 07:50:00  AM,8.618,,,,
1295,12/11/17 08:00:00  AM,8.618,,,,
1296,12/11/17 08:10:00  AM,8.618,,,,
1297,12/11/17 08:20:00  AM,8.593,,,,
1298,12/11/17 08:30:00  AM,8.593,,,,
1299,12/11/17 08:40:00  AM,8.618,,,,
1300,12/11/17 08:50:00  AM,8.593,,,,
1301,12/11/17 09:00:00  AM,8.618,,,,
1302,12/11/17 09:10:00  AM,8.618,,,,
1303,12/11/17 09:20:00  AM,8.618,,,,
1304,12/11/17 09:30:00  AM,8.618,,,,
1305,12/11/17 09:40:00  AM,8.618,,,,
1306,12/11/17 09:50:00  AM,8.618,,,,
1307,12/11/17 10:00:00  AM,8.618,,,,
1308,12/11/17 10:10:00  AM,8.618,,,,
1309,12/11/17 10:20:00  AM,8.618,,,,
1310,12/11/17 10:30:00  AM,8.618,,,,
1311,12/11/17 10:40:00  AM,8.618,,,,
1312,12/11/17 10:50:00  AM,8.618,,,,
1313,12/11/17 11:00:00  AM,8.618,,,,
1314,12/11/17 11:10:00  AM,8.618,,,,
1315,12/11/17 11:20:00  AM,8.618,,,,
1316,12/11/17 11:30:00  AM,8.618,,,,
1317,12/11/17 11:40:00  AM,8.618,,,,
1318,12/11/17 11:50:00  AM,8.618,,,,
1319,12/11/17 12:00:00  PM,8.618,,,,
1320,12/11/17 12:10:00  PM,8.618,,,,
1321,12/11/17 12:20:00  PM,8.618,,,,
1322,12/11/17 12:30:00  PM,8.618,,,,
1323,12/11/17 12:40:00  PM,8.618,,,,
1324,12/11/17 12:50:00  PM,8.618,,,,
1325,12/11/17 01:00:00  PM,8.618,,,,
1326,12/11/17 01:10:00  PM,8.618,,,,
1327,12/11/17 01:20:00  PM,8.643,,,,
1328,12/11/17 01:30:00  PM,8.643,,,,
1329,12/11/17 01:40:00  PM,8.643,,,,
1330,12/11/17 01:50:00  PM,8.643,,,,
1331,12/11/17 02:00:00  PM,8.643,,,,
1332,12/11/17 02:10:00  PM,8.643,,,,
1333,12/11/17 02:20:00  PM,8.643,,,,
1334,12/11/17 02:30:00  PM,8.643,,,,
1335,12/11/17 02:40:00  PM,8.643,,,,
1336,12/11/17 02:50:00  PM,8.643,,,,
1337,12/11/17 03:00:00  PM,8.643,,,,
1338,12/11/17 03:10:00  PM,8.643,,,,
1339,12/11/17 03:20:00  PM,8.643,,,,
1340,12/11/17 03:30:00  PM,8.643,,,,
1341,12/11/17 03:40:00  PM,8.643,,,,
1342,12/11/17 03:50:00  PM,8.618,,,,
1343,12/11/17 04:00:00  PM,8.618,,,,
1344,12/11/17 04:10:00  PM,8.643,,,,
1345,12/11/17 04:20:00  PM,8.643,,,,
1346,12/11/17 04:30:00  PM,8.643,,,,
1347,12/11/17 04:40:00  PM,8.643,,,,
1348,12/11/17 04:50:00  PM,8.643,,,,
1349,12/11/17 05:00:00  PM,8.618,,,,
1350,12/11/17 05:10:00  PM,8.618,,,,
1351,12/11/17 05:20:00  PM,8.643,,,,
1352,12/11/17 05:30:00  PM,8.643,,,,
1353,12/11/17 05:40:00  PM,8.643,,,,
1354,12/11/17 05:50:00  PM,8.643,,,,
1355,12/11/17 06:00:00  PM,8.643,,,,
1356,12/11/17 06:10:00  PM,8.643,,,,
1357,12/11/17 06:20:00  PM,8.643,,,,
1358,12/11/17 06:30:00  PM,8.643,,,,
1359,12/11/17 06:40:00  PM,8.643,,,,
1360,12/11/17 06:50:00  PM,8.643,,,,
1361,12/11/17 07:00:00  PM,8.618,,,,
1362,12/11/17 07:10:00  PM,8.618,,,,
1363,12/11/17 07:20:00  PM,8.618,,,,
1364,12/11/17 07:30:00  PM,8.618,,,,
1365,12/11/17 07:40:00  PM,8.618,,,,
1366,12/11/17 07:50:00  PM,8.593,,,,
1367,12/11/17 08:00:00  PM,8.593,,,,
1368,12/11/17 08:10:00  PM,8.618,,,,
1369,12/11/17 08:20:00  PM,8.618,,,,
1370,12/11/17 08:30:00  PM,8.618,,,,
1371,12/11/17 08:40:00  PM,8.618,,,,
1372,12/11/17 08:50:00  PM,8.618,,,,
1373,12/11/17 09:00:00  PM,8.618,,,,
1374,12/11/17 09:10:00  PM,8.568,,,,
1375,12/11/17 09:20:00  PM,8.568,,,,
1376,12/11/17 09:30:00  PM,8.568,,,,
1377,12/11/17 09:40:00  PM,8.568,,,,
1378,12/11/17 09:50:00  PM,8.543,,,,
1379,12/11/17 10:00:00  PM,8.568,,,,
1380,12/11/17 10:10:00  PM,8.568,,,,
1381,12/11/17 10:20:00  PM,8.593,,,,
1382,12/11/17 10:30:00  PM,8.593,,,,
1383,12/11/17 10:40:00  PM,8.593,,,,
1384,12/11/17 10:50:00  PM,8.618,,,,
1385,12/11/17 11:00:00  PM,8.618,,,,
1386,12/11/17 11:10:00  PM,8.643,,,,
1387,12/11/17 11:20:00  PM,8.618,,,,
1388,12/11/17 11:30:00  PM,8.643,,,,
1389,12/11/17 11:40:00  PM,8.618,,,,
1390,12/11/17 11:50:00  PM,8.618,,,,
1391,12/12/17 12:00:00  AM,8.618,,,,
1392,12/12/17 12:10:00  AM,8.643,,,,
1393,12/12/17 12:20:00  AM,8.643,,,,
1394,12/12/17 12:30:00  AM,8.643,,,,
1395,12/12/17 12:40:00  AM,8.643,,,,
1396,12/12/17 12:50:00  AM,8.643,,,,
1397,12/12/17 01:00:00  AM,8.643,,,,
1398,12/12/17 01:10:00  AM,8.643,,,,
1399,12/12/17 01:20:00  AM,8.643,,,,
1400,12/12/17 01:30:00  AM,8.643,,,,
1401,12/12/17 01:40:00  AM,8.618,,,,
1402,12/12/17 01:50:00  AM,8.618,,,,
1403,12/12/17 02:00:00  AM,8.618,,,,
1404,12/12/17 02:10:00  AM,8.618,,,,
1405,12/12/17 02:20:00  AM,8.618,,,,
1406,12/12/17 02:30:00  AM,8.618,,,,
1407,12/12/17 02:40:00  AM,8.618,,,,
1408,12/12/17 02:50:00  AM,8.618,,,,
1409,12/12/17 03:00:00  AM,8.618,,,,
1410,12/12/17 03:10:00  AM,8.618,,,,
1411,12/12/17 03:20:00  AM,8.618,,,,
1412,12/12/17 03:30:00  AM,8.618,,,,
1413,12/12/17 03:40:00  AM,8.618,,,,
1414,12/12/17 03:50:00  AM,8.618,,,,
1415,12/12/17 04:00:00  AM,8.618,,,,
1416,12/12/17 04:10:00  AM,8.618,,,,
1417,12/12/17 04:20:00  AM,8.618,,,,
1418,12/12/17 04:30:00  AM,8.618,,,,
1419,12/12/17 04:40:00  AM,8.618,,,,
1420,12/12/17 04:50:00  AM,8.618,,,,
1421,12/12/17 05:00:00  AM,8.618,,,,
1422,12/12/17 05:10:00  AM,8.643,,,,
1423,12/12/17 05:20:00  AM,8.643,,,,
1424,12/12/17 05:30:00  AM,8.643,,,,
1425,12/12/17 05:40:00  AM,8.643,,,,
1426,12/12/17 05:50:00  AM,8.643,,,,
1427,12/12/17 06:00:00  AM,8.643,,,,
1428,12/12/17 06:10:00  AM,8.643,,,,
1429,12/12/17 06:20:00  AM,8.643,,,,
1430,12/12/17 06:30:00  AM,8.643,,,,
1431,12/12/17 06:40:00  AM,8.643,,,,
1432,12/12/17 06:50:00  AM,8.643,,,,
1433,12/12/17 07:00:00  AM,8.643,,,,
1434,12/12/17 07:10:00  AM,8.643,,,,
1435,12/12/17 07:20:00  AM,8.643,,,,
1436,12/12/17 07:30:00  AM,8.643,,,,
1437,12/12/17 07:40:00  AM,8.643,,,,
1438,12/12/17 07:50:00  AM,8.643,,,,
1439,12/12/17 08:00:00  AM,8.643,,,,
1440,12/12/17 08:10:00  AM,8.643,,,,
1441,12/12/17 08:20:00  AM,8.643,,,,
1442,12/12/17 08:30:00  AM,8.643,,,,
1443,12/12/17 08:40:00  AM,8.643,,,,
1444,12/12/17 08:50:00  AM,8.643,,,,
1445,12/12/17 09:00:00  AM,8.643,,,,
1446,12/12/17 09:10:00  AM,8.643,,,,
1447,12/12/17 09:20:00  AM,8.643,,,,
1448,12/12/17 09:30:00  AM,8.643,,,,
1449,12/12/17 09:40:00  AM,8.643,,,,
1450,12/12/17 09:50:00  AM,8.643,,,,
1451,12/12/17 10:00:00  AM,8.643,,,,
1452,12/12/17 10:10:00  AM,8.643,,,,
1453,12/12/17 10:20:00  AM,8.668,,,,
1454,12/12/17 10:30:00  AM,8.668,,,,
1455,12/12/17 10:40:00  AM,8.668,,,,
1456,12/12/17 10:50:00  AM,8.668,,,,
1457,12/12/17 11:00:00  AM,8.668,,,,
1458,12/12/17 11:10:00  AM,8.668,,,,
1459,12/12/17 11:20:00  AM,8.668,,,,
1460,12/12/17 11:30:00  AM,8.668,,,,
1461,12/12/17 11:40:00  AM,8.668,,,,
1462,12/12/17 11:50:00  AM,8.668,,,,
1463,12/12/17 12:00:00  PM,8.668,,,,
1464,12/12/17 12:10:00  PM,8.668,,,,
1465,12/12/17 12:20:00  PM,8.668,,,,
1466,12/12/17 12:30:00  PM,8.668,,,,
1467,12/12/17 12:40:00  PM,8.668,,,,
1468,12/12/17 12:50:00  PM,8.668,,,,
1469,12/12/17 01:00:00  PM,8.668,,,,
1470,12/12/17 01:10:00  PM,8.643,,,,
1471,12/12/17 01:20:00  PM,8.643,,,,
1472,12/12/17 01:30:00  PM,8.643,,,,
1473,12/12/17 01:40:00  PM,8.643,,,,
1474,12/12/17 01:50:00  PM,8.668,,,,
1475,12/12/17 02:00:00  PM,8.643,,,,
1476,12/12/17 02:10:00  PM,8.643,,,,
1477,12/12/17 02:20:00  PM,8.643,,,,
1478,12/12/17 02:30:00  PM,8.643,,,,
1479,12/12/17 02:40:00  PM,8.643,,,,
1480,12/12/17 02:50:00  PM,8.643,,,,
1481,12/12/17 03:00:00  PM,8.643,,,,
1482,12/12/17 03:10:00  PM,8.643,,,,
1483,12/12/17 03:20:00  PM,8.643,,,,
1484,12/12/17 03:30:00  PM,8.643,,,,
1485,12/12/17 03:40:00  PM,8.643,,,,
1486,12/12/17 03:50:00  PM,8.643,,,,
1487,12/12/17 04:00:00  PM,8.668,,,,
1488,12/12/17 04:10:00  PM,8.643,,,,
1489,12/12/17 04:20:00  PM,8.643,,,,
1490,12/12/17 04:30:00  PM,8.643,,,,
1491,12/12/17 04:40:00  PM,8.643,,,,
1492,12/12/17 04:50:00  PM,8.643,,,,
1493,12/12/17 05:00:00  PM,8.643,,,,
1494,12/12/17 05:10:00  PM,8.643,,,,
1495,12/12/17 05:20:00  PM,8.643,,,,
1496,12/12/17 05:30:00  PM,8.643,,,,
1497,12/12/17 05:40:00  PM,8.643,,,,
1498,12/12/17 05:50:00  PM,8.643,,,,
1499,12/12/17 06:00:00  PM,8.643,,,,
1500,12/12/17 06:10:00  PM,8.643,,,,
1501,12/12/17 06:20:00  PM,8.643,,,,
1502,12/12/17 06:30:00  PM,8.643,,,,
1503,12/12/17 06:40:00  PM,8.643,,,,
1504,12/12/17 06:50:00  PM,8.643,,,,
1505,12/12/17 07:00:00  PM,8.643,,,,
1506,12/12/17 07:10:00  PM,8.643,,,,
1507,12/12/17 07:20:00  PM,8.643,,,,
1508,12/12/17 07:30:00  PM,8.618,,,,
1509,12/12/17 07:40:00  PM,8.618,,,,
1510,12/12/17 07:50:00  PM,8.618,,,,
1511,12/12/17 08:00:00  PM,8.618,,,,
1512,12/12/17 08:10:00  PM,8.618,,,,
1513,12/12/17 08:20:00  PM,8.618,,,,
1514,12/12/17 08:30:00  PM,8.618,,,,
1515,12/12/17 08:40:00  PM,8.618,,,,
1516,12/12/17 08:50:00  PM,8.618,,,,
1517,12/12/17 09:00:00  PM,8.618,,,,
1518,12/12/17 09:10:00  PM,8.618,,,,
1519,12/12/17 09:20:00  PM,8.618,,,,
1520,12/12/17 09:30:00  PM,8.618,,,,
1521,12/12/17 09:40:00  PM,8.618,,,,
1522,12/12/17 09:50:00  PM,8.618,,,,
1523,12/12/17 10:00:00  PM,8.618,,,,
1524,12/12/17 10:10:00  PM,8.643,,,,
1525,12/12/17 10:20:00  PM,8.618,,,,
1526,12/12/17 10:30:00  PM,8.643,,,,
1527,12/12/17 10:40:00  PM,8.618,,,,
1528,12/12/17 10:50:00  PM,8.618,,,,
1529,12/12/17 11:00:00  PM,8.618,,,,
1530,12/12/17 11:10:00  PM,8.618,,,,
1531,12/12/17 11:20:00  PM,8.618,,,,
1532,12/12/17 11:30:00  PM,8.618,,,,
1533,12/12/17 11:40:00  PM,8.593,,,,
1534,12/12/17 11:50:00  PM,8.593,,,,
1535,12/13/17 12:00:00  AM,8.618,,,,
1536,12/13/17 12:10:00  AM,8.618,,,,
1537,12/13/17 12:20:00  AM,8.618,,,,
1538,12/13/17 12:30:00  AM,8.618,,,,
1539,12/13/17 12:40:00  AM,8.593,,,,
1540,12/13/17 12:50:00  AM,8.593,,,,
1541,12/13/17 01:00:00  AM,8.593,,,,
1542,12/13/17 01:10:00  AM,8.593,,,,
1543,12/13/17 01:20:00  AM,8.593,,,,
1544,12/13/17 01:30:00  AM,8.568,,,,
1545,12/13/17 01:40:00  AM,8.568,,,,
1546,12/13/17 01:50:00  AM,8.568,,,,
1547,12/13/17 02:00:00  AM,8.543,,,,
1548,12/13/17 02:10:00  AM,8.543,,,,
1549,12/13/17 02:20:00  AM,8.543,,,,
1550,12/13/17 02:30:00  AM,8.543,,,,
1551,12/13/17 02:40:00  AM,8.519,,,,
1552,12/13/17 02:50:00  AM,8.543,,,,
1553,12/13/17 03:00:00  AM,8.543,,,,
1554,12/13/17 03:10:00  AM,8.543,,,,
1555,12/13/17 03:20:00  AM,8.543,,,,
1556,12/13/17 03:30:00  AM,8.543,,,,
1557,12/13/17 03:40:00  AM,8.543,,,,
1558,12/13/17 03:50:00  AM,8.568,,,,
1559,12/13/17 04:00:00  AM,8.568,,,,
1560,12/13/17 04:10:00  AM,8.568,,,,
1561,12/13/17 04:20:00  AM,8.568,,,,
1562,12/13/17 04:30:00  AM,8.568,,,,
1563,12/13/17 04:40:00  AM,8.568,,,,
1564,12/13/17 04:50:00  AM,8.568,,,,
1565,12/13/17 05:00:00  AM,8.568,,,,
1566,12/13/17 05:10:00  AM,8.568,,,,
1567,12/13/17 05:20:00  AM,8.568,,,,
1568,12/13/17 05:30:00  AM,8.568,,,,
1569,12/13/17 05:40:00  AM,8.568,,,,
1570,12/13/17 05:50:00  AM,8.568,,,,
1571,12/13/17 06:00:00  AM,8.568,,,,
1572,12/13/17 06:10:00  AM,8.568,,,,
1573,12/13/17 06:20:00  AM,8.543,,,,
1574,12/13/17 06:30:00  AM,8.568,,,,
1575,12/13/17 06:40:00  AM,8.568,,,,
1576,12/13/17 06:50:00  AM,8.568,,,,
1577,12/13/17 07:00:00  AM,8.568,,,,
1578,12/13/17 07:10:00  AM,8.568,,,,
1579,12/13/17 07:20:00  AM,8.568,,,,
1580,12/13/17 07:30:00  AM,8.568,,,,
1581,12/13/17 07:40:00  AM,8.568,,,,
1582,12/13/17 07:50:00  AM,8.593,,,,
1583,12/13/17 08:00:00  AM,8.593,,,,
1584,12/13/17 08:10:00  AM,8.618,,,,
1585,12/13/17 08:20:00  AM,8.618,,,,
1586,12/13/17 08:30:00  AM,8.618,,,,
1587,12/13/17 08:40:00  AM,8.618,,,,
1588,12/13/17 08:50:00  AM,8.618,,,,
1589,12/13/17 09:00:00  AM,8.618,,,,
1590,12/13/17 09:10:00  AM,8.618,,,,
1591,12/13/17 09:20:00  AM,8.618,,,,
1592,12/13/17 09:30:00  AM,8.618,,,,
1593,12/13/17 09:40:00  AM,8.618,,,,
1594,12/13/17 09:50:00  AM,8.618,,,,
1595,12/13/17 10:00:00  AM,8.618,,,,
1596,12/13/17 10:10:00  AM,8.618,,,,
1597,12/13/17 10:20:00  AM,8.618,,,,
1598,12/13/17 10:30:00  AM,8.618,,,,
1599,12/13/17 10:40:00  AM,8.618,,,,
1600,12/13/17 10:50:00  AM,8.618,,,,
1601,12/13/17 11:00:00  AM,8.643,,,,
1602,12/13/17 11:10:00  AM,8.643,,,,
1603,12/13/17 11:20:00  AM,8.643,,,,
1604,12/13/17 11:30:00  AM,8.643,,,,
1605,12/13/17 11:40:00  AM,8.643,,,,
1606,12/13/17 11:50:00  AM,8.668,,,,
1607,12/13/17 12:00:00  PM,8.643,,,,
1608,12/13/17 12:10:00  PM,8.643,,,,
1609,12/13/17 12:20:00  PM,8.643,,,,
1610,12/13/17 12:30:00  PM,8.643,,,,
1611,12/13/17 12:40:00  PM,8.668,,,,
1612,12/13/17 12:50:00  PM,8.668,,,,
1613,12/13/17 01:00:00  PM,8.643,,,,
1614,12/13/17 01:10:00  PM,8.643,,,,
1615,12/13/17 01:20:00  PM,8.643,,,,
1616,12/13/17 01:30:00  PM,8.643,,,,
1617,12/13/17 01:40:00  PM,8.643,,,,
1618,12/13/17 01:50:00  PM,8.643,,,,
1619,12/13/17 02:00:00  PM,8.643,,,,
1620,12/13/17 02:10:00  PM,8.643,,,,
1621,12/13/17 02:20:00  PM,8.618,,,,
1622,12/13/17 02:30:00  PM,8.618,,,,
1623,12/13/17 02:40:00  PM,8.618,,,,
1624,12/13/17 02:50:00  PM,8.618,,,,
1625,12/13/17 03:00:00  PM,8.618,,,,
1626,12/13/17 03:10:00  PM,8.618,,,,
1627,12/13/17 03:20:00  PM,8.618,,,,
1628,12/13/17 03:30:00  PM,8.618,,,,
1629,12/13/17 03:40:00  PM,8.618,,,,
1630,12/13/17 03:50:00  PM,8.618,,,,
1631,12/13/17 04:00:00  PM,8.618,,,,
1632,12/13/17 04:10:00  PM,8.618,,,,
1633,12/13/17 04:20:00  PM,8.643,,,,
1634,12/13/17 04:30:00  PM,8.643,,,,
1635,12/13/17 04:40:00  PM,8.643,,,,
1636,12/13/17 04:50:00  PM,8.643,,,,
1637,12/13/17 05:00:00  PM,8.643,,,,
1638,12/13/17 05:10:00  PM,8.618,,,,
1639,12/13/17 05:20:00  PM,8.618,,,,
1640,12/13/17 05:30:00  PM,8.618,,,,
1641,12/13/17 05:40:00  PM,8.618,,,,
1642,12/13/17 05:50:00  PM,8.618,,,,
1643,12/13/17 06:00:00  PM,8.618,,,,
1644,12/13/17 06:10:00  PM,8.593,,,,
1645,12/13/17 06:20:00  PM,8.593,,,,
1646,12/13/17 06:30:00  PM,8.593,,,,
1647,12/13/17 06:40:00  PM,8.593,,,,
1648,12/13/17 06:50:00  PM,8.593,,,,
1649,12/13/17 07:00:00  PM,8.593,,,,
1650,12/13/17 07:10:00  PM,8.593,,,,
1651,12/13/17 07:20:00  PM,8.593,,,,
1652,12/13/17 07:30:00  PM,8.593,,,,
1653,12/13/17 07:40:00  PM,8.593,,,,
1654,12/13/17 07:50:00  PM,8.593,,,,
1655,12/13/17 08:00:00  PM,8.593,,,,
1656,12/13/17 08:10:00  PM,8.593,,,,
1657,12/13/17 08:20:00  PM,8.568,,,,
1658,12/13/17 08:30:00  PM,8.568,,,,
1659,12/13/17 08:40:00  PM,8.568,,,,
1660,12/13/17 08:50:00  PM,8.593,,,,
1661,12/13/17 09:00:00  PM,8.593,,,,
1662,12/13/17 09:10:00  PM,8.568,,,,
1663,12/13/17 09:20:00  PM,8.568,,,,
1664,12/13/17 09:30:00  PM,8.568,,,,
1665,12/13/17 09:40:00  PM,8.568,,,,
1666,12/13/17 09:50:00  PM,8.593,,,,
1667,12/13/17 10:00:00  PM,8.618,,,,
1668,12/13/17 10:10:00  PM,8.618,,,,
1669,12/13/17 10:20:00  PM,8.618,,,,
1670,12/13/17 10:30:00  PM,8.618,,,,
1671,12/13/17 10:40:00  PM,8.618,,,,
1672,12/13/17 10:50:00  PM,8.618,,,,
1673,12/13/17 11:00:00  PM,8.618,,,,
1674,12/13/17 11:10:00  PM,8.618,,,,
1675,12/13/17 11:20:00  PM,8.593,,,,
1676,12/13/17 11:30:00  PM,8.618,,,,
1677,12/13/17 11:40:00  PM,8.618,,,,
1678,12/13/17 11:50:00  PM,8.618,,,,
1679,12/14/17 12:00:00  AM,8.618,,,,
1680,12/14/17 12:10:00  AM,8.618,,,,
1681,12/14/17 12:20:00  AM,8.618,,,,
1682,12/14/17 12:30:00  AM,8.618,,,,
1683,12/14/17 12:40:00  AM,8.618,,,,
1684,12/14/17 12:50:00  AM,8.618,,,,
1685,12/14/17 01:00:00  AM,8.618,,,,
1686,12/14/17 01:10:00  AM,8.618,,,,
1687,12/14/17 01:20:00  AM,8.618,,,,
1688,12/14/17 01:30:00  AM,8.618,,,,
1689,12/14/17 01:40:00  AM,8.618,,,,
1690,12/14/17 01:50:00  AM,8.643,,,,
1691,12/14/17 02:00:00  AM,8.643,,,,
1692,12/14/17 02:10:00  AM,8.643,,,,
1693,12/14/17 02:20:00  AM,8.643,,,,
1694,12/14/17 02:30:00  AM,8.618,,,,
1695,12/14/17 02:40:00  AM,8.593,,,,
1696,12/14/17 02:50:00  AM,8.568,,,,
1697,12/14/17 03:00:00  AM,8.568,,,,
1698,12/14/17 03:10:00  AM,8.568,,,,
1699,12/14/17 03:20:00  AM,8.568,,,,
1700,12/14/17 03:30:00  AM,8.543,,,,
1701,12/14/17 03:40:00  AM,8.568,,,,
1702,12/14/17 03:50:00  AM,8.568,,,,
1703,12/14/17 04:00:00  AM,8.593,,,,
1704,12/14/17 04:10:00  AM,8.593,,,,
1705,12/14/17 04:20:00  AM,8.568,,,,
1706,12/14/17 04:30:00  AM,8.568,,,,
1707,12/14/17 04:40:00  AM,8.568,,,,
1708,12/14/17 04:50:00  AM,8.568,,,,
1709,12/14/17 05:00:00  AM,8.568,,,,
1710,12/14/17 05:10:00  AM,8.568,,,,
1711,12/14/17 05:20:00  AM,8.543,,,,
1712,12/14/17 05:30:00  AM,8.543,,,,
1713,12/14/17 05:40:00  AM,8.543,,,,
1714,12/14/17 05:50:00  AM,8.543,,,,
1715,12/14/17 06:00:00  AM,8.543,,,,
1716,12/14/17 06:10:00  AM,8.543,,,,
1717,12/14/17 06:20:00  AM,8.519,,,,
1718,12/14/17 06:30:00  AM,8.519,,,,
1719,12/14/17 06:40:00  AM,8.519,,,,
1720,12/14/17 06:50:00  AM,8.519,,,,
1721,12/14/17 07:00:00  AM,8.519,,,,
1722,12/14/17 07:10:00  AM,8.519,,,,
1723,12/14/17 07:20:00  AM,8.519,,,,
1724,12/14/17 07:30:00  AM,8.519,,,,
1725,12/14/17 07:40:00  AM,8.519,,,,
1726,12/14/17 07:50:00  AM,8.519,,,,
1727,12/14/17 08:00:00  AM,8.519,,,,
1728,12/14/17 08:10:00  AM,8.543,,,,
1729,12/14/17 08:20:00  AM,8.543,,,,
1730,12/14/17 08:30:00  AM,8.543,,,,
1731,12/14/17 08:40:00  AM,8.519,,,,
1732,12/14/17 08:50:00  AM,8.543,,,,
1733,12/14/17 09:00:00  AM,8.568,,,,
1734,12/14/17 09:10:00  AM,8.593,,,,
1735,12/14/17 09:20:00  AM,8.593,,,,
1736,12/14/17 09:30:00  AM,8.618,,,,
1737,12/14/17 09:40:00  AM,8.593,,,,
1738,12/14/17 09:50:00  AM,8.618,,,,
1739,12/14/17 10:00:00  AM,8.618,,,,
1740,12/14/17 10:10:00  AM,8.618,,,,
1741,12/14/17 10:20:00  AM,8.618,,,,
1742,12/14/17 10:30:00  AM,8.618,,,,
1743,12/14/17 10:40:00  AM,8.618,,,,
1744,12/14/17 10:50:00  AM,8.618,,,,
1745,12/14/17 11:00:00  AM,8.618,,,,
1746,12/14/17 11:10:00  AM,8.618,,,,
1747,12/14/17 11:20:00  AM,8.618,,,,
1748,12/14/17 11:30:00  AM,8.618,,,,
1749,12/14/17 11:40:00  AM,8.618,,,,
1750,12/14/17 11:50:00  AM,8.618,,,,
1751,12/14/17 12:00:00  PM,8.618,,,,
1752,12/14/17 12:10:00  PM,8.618,,,,
1753,12/14/17 12:20:00  PM,8.643,,,,
1754,12/14/17 12:30:00  PM,8.618,,,,
1755,12/14/17 12:40:00  PM,8.643,,,,
1756,12/14/17 12:50:00  PM,8.643,,,,
1757,12/14/17 01:00:00  PM,8.643,,,,
1758,12/14/17 01:10:00  PM,8.643,,,,
1759,12/14/17 01:20:00  PM,8.643,,,,
1760,12/14/17 01:30:00  PM,8.643,,,,
1761,12/14/17 01:40:00  PM,8.643,,,,
1762,12/14/17 01:50:00  PM,8.643,,,,
1763,12/14/17 02:00:00  PM,8.618,,,,
1764,12/14/17 02:10:00  PM,8.643,,,,
1765,12/14/17 02:20:00  PM,8.618,,,,
1766,12/14/17 02:30:00  PM,8.618,,,,
1767,12/14/17 02:40:00  PM,8.618,,,,
1768,12/14/17 02:50:00  PM,8.618,,,,
1769,12/14/17 03:00:00  PM,8.618,,,,
1770,12/14/17 03:10:00  PM,8.618,,,,
1771,12/14/17 03:20:00  PM,8.618,,,,
1772,12/14/17 03:30:00  PM,8.618,,,,
1773,12/14/17 03:40:00  PM,8.618,,,,
1774,12/14/17 03:50:00  PM,8.618,,,,
1775,12/14/17 04:00:00  PM,8.618,,,,
1776,12/14/17 04:10:00  PM,8.618,,,,
1777,12/14/17 04:20:00  PM,8.618,,,,
1778,12/14/17 04:30:00  PM,8.643,,,,
1779,12/14/17 04:40:00  PM,8.643,,,,
1780,12/14/17 04:50:00  PM,8.643,,,,
1781,12/14/17 05:00:00  PM,8.643,,,,
1782,12/14/17 05:10:00  PM,8.643,,,,
1783,12/14/17 05:20:00  PM,8.643,,,,
1784,12/14/17 05:30:00  PM,8.618,,,,
1785,12/14/17 05:40:00  PM,8.618,,,,
1786,12/14/17 05:50:00  PM,8.618,,,,
1787,12/14/17 06:00:00  PM,8.618,,,,
1788,12/14/17 06:10:00  PM,8.618,,,,
1789,12/14/17 06:20:00  PM,8.618,,,,
1790,12/14/17 06:30:00  PM,8.618,,,,
1791,12/14/17 06:40:00  PM,8.618,,,,
1792,12/14/17 06:50:00  PM,8.618,,,,
1793,12/14/17 07:00:00  PM,8.618,,,,
1794,12/14/17 07:10:00  PM,8.618,,,,
1795,12/14/17 07:20:00  PM,8.618,,,,
1796,12/14/17 07:30:00  PM,8.618,,,,
1797,12/14/17 07:40:00  PM,8.618,,,,
1798,12/14/17 07:50:00  PM,8.618,,,,
1799,12/14/17 08:00:00  PM,8.593,,,,
1800,12/14/17 08:10:00  PM,8.593,,,,
1801,12/14/17 08:20:00  PM,8.593,,,,
1802,12/14/17 08:30:00  PM,8.593,,,,
1803,12/14/17 08:40:00  PM,8.593,,,,
1804,12/14/17 08:50:00  PM,8.593,,,,
1805,12/14/17 09:00:00  PM,8.593,,,,
1806,12/14/17 09:10:00  PM,8.593,,,,
1807,12/14/17 09:20:00  PM,8.568,,,,
1808,12/14/17 09:30:00  PM,8.568,,,,
1809,12/14/17 09:40:00  PM,8.568,,,,
1810,12/14/17 09:50:00  PM,8.593,,,,
1811,12/14/17 10:00:00  PM,8.593,,,,
1812,12/14/17 10:10:00  PM,8.593,,,,
1813,12/14/17 10:20:00  PM,8.618,,,,
1814,12/14/17 10:30:00  PM,8.618,,,,
1815,12/14/17 10:40:00  PM,8.618,,,,
1816,12/14/17 10:50:00  PM,8.618,,,,
1817,12/14/17 11:00:00  PM,8.618,,,,
1818,12/14/17 11:10:00  PM,8.618,,,,
1819,12/14/17 11:20:00  PM,8.618,,,,
1820,12/14/17 11:30:00  PM,8.593,,,,
1821,12/14/17 11:40:00  PM,8.593,,,,
1822,12/14/17 11:50:00  PM,8.618,,,,
1823,12/15/17 12:00:00  AM,8.618,,,,
1824,12/15/17 12:10:00  AM,8.618,,,,
1825,12/15/17 12:20:00  AM,8.618,,,,
1826,12/15/17 12:30:00  AM,8.618,,,,
1827,12/15/17 12:40:00  AM,8.618,,,,
1828,12/15/17 12:50:00  AM,8.593,,,,
1829,12/15/17 01:00:00  AM,8.593,,,,
1830,12/15/17 01:10:00  AM,8.593,,,,
1831,12/15/17 01:20:00  AM,8.593,,,,
1832,12/15/17 01:30:00  AM,8.593,,,,
1833,12/15/17 01:40:00  AM,8.593,,,,
1834,12/15/17 01:50:00  AM,8.593,,,,
1835,12/15/17 02:00:00  AM,8.593,,,,
1836,12/15/17 02:10:00  AM,8.593,,,,
1837,12/15/17 02:20:00  AM,8.618,,,,
1838,12/15/17 02:30:00  AM,8.618,,,,
1839,12/15/17 02:40:00  AM,8.618,,,,
1840,12/15/17 02:50:00  AM,8.618,,,,
1841,12/15/17 03:00:00  AM,8.618,,,,
1842,12/15/17 03:10:00  AM,8.618,,,,
1843,12/15/17 03:20:00  AM,8.618,,,,
1844,12/15/17 03:30:00  AM,8.618,,,,
1845,12/15/17 03:40:00  AM,8.618,,,,
1846,12/15/17 03:50:00  AM,8.618,,,,
1847,12/15/17 04:00:00  AM,8.618,,,,
1848,12/15/17 04:10:00  AM,8.618,,,,
1849,12/15/17 04:20:00  AM,8.618,,,,
1850,12/15/17 04:30:00  AM,8.618,,,,
1851,12/15/17 04:40:00  AM,8.618,,,,
1852,12/15/17 04:50:00  AM,8.618,,,,
1853,12/15/17 05:00:00  AM,8.618,,,,
1854,12/15/17 05:10:00  AM,8.618,,,,
1855,12/15/17 05:20:00  AM,8.618,,,,
1856,12/15/17 05:30:00  AM,8.618,,,,
1857,12/15/17 05:40:00  AM,8.618,,,,
1858,12/15/17 05:50:00  AM,8.618,,,,
1859,12/15/17 06:00:00  AM,8.618,,,,
1860,12/15/17 06:10:00  AM,8.618,,,,
1861,12/15/17 06:20:00  AM,8.618,,,,
1862,12/15/17 06:30:00  AM,8.618,,,,
1863,12/15/17 06:40:00  AM,8.618,,,,
1864,12/15/17 06:50:00  AM,8.618,,,,
1865,12/15/17 07:00:00  AM,8.618,,,,
1866,12/15/17 07:10:00  AM,8.618,,,,
1867,12/15/17 07:20:00  AM,8.618,,,,
1868,12/15/17 07:30:00  AM,8.618,,,,
1869,12/15/17 07:40:00  AM,8.593,,,,
1870,12/15/17 07:50:00  AM,8.593,,,,
1871,12/15/17 08:00:00  AM,8.593,,,,
1872,12/15/17 08:10:00  AM,8.593,,,,
1873,12/15/17 08:20:00  AM,8.593,,,,
1874,12/15/17 08:30:00  AM,8.593,,,,
1875,12/15/17 08:40:00  AM,8.593,,,,
1876,12/15/17 08:50:00  AM,8.593,,,,
1877,12/15/17 09:00:00  AM,8.593,,,,
1878,12/15/17 09:10:00  AM,8.593,,,,
1879,12/15/17 09:20:00  AM,8.593,,,,
1880,12/15/17 09:30:00  AM,8.593,,,,
1881,12/15/17 09:40:00  AM,8.593,,,,
1882,12/15/17 09:50:00  AM,8.593,,,,
1883,12/15/17 10:00:00  AM,8.593,,,,
1884,12/15/17 10:10:00  AM,8.618,,,,
1885,12/15/17 10:20:00  AM,8.618,,,,
1886,12/15/17 10:30:00  AM,8.618,,,,
1887,12/15/17 10:40:00  AM,8.618,,,,
1888,12/15/17 10:50:00  AM,8.618,,,,
1889,12/15/17 11:00:00  AM,8.618,,,,
1890,12/15/17 11:10:00  AM,8.618,,,,
1891,12/15/17 11:20:00  AM,8.618,,,,
1892,12/15/17 11:30:00  AM,8.618,,,,
1893,12/15/17 11:40:00  AM,8.618,,,,
1894,12/15/17 11:50:00  AM,8.618,,,,
1895,12/15/17 12:00:00  PM,8.618,,,,
1896,12/15/17 12:10:00  PM,8.618,,,,
1897,12/15/17 12:20:00  PM,8.618,,,,
1898,12/15/17 12:30:00  PM,8.618,,,,
1899,12/15/17 12:40:00  PM,8.618,,,,
1900,12/15/17 12:50:00  PM,8.618,,,,
1901,12/15/17 01:00:00  PM,8.618,,,,
1902,12/15/17 01:10:00  PM,8.618,,,,
1903,12/15/17 01:20:00  PM,8.618,,,,
1904,12/15/17 01:30:00  PM,8.618,,,,
1905,12/15/17 01:40:00  PM,8.618,,,,
1906,12/15/17 01:50:00  PM,8.618,,,,
1907,12/15/17 02:00:00  PM,8.618,,,,
1908,12/15/17 02:10:00  PM,8.618,,,,
1909,12/15/17 02:20:00  PM,8.618,,,,
1910,12/15/17 02:30:00  PM,8.618,,,,
1911,12/15/17 02:40:00  PM,8.618,,,,
1912,12/15/17 02:50:00  PM,8.618,,,,
1913,12/15/17 03:00:00  PM,8.618,,,,
1914,12/15/17 03:10:00  PM,8.618,,,,
1915,12/15/17 03:20:00  PM,8.618,,,,
1916,12/15/17 03:30:00  PM,8.618,,,,
1917,12/15/17 03:40:00  PM,8.618,,,,
1918,12/15/17 03:50:00  PM,8.618,,,,
1919,12/15/17 04:00:00  PM,8.618,,,,
1920,12/15/17 04:10:00  PM,8.618,,,,
1921,12/15/17 04:20:00  PM,8.618,,,,
1922,12/15/17 04:30:00  PM,8.618,,,,
1923,12/15/17 04:40:00  PM,8.618,,,,
1924,12/15/17 04:50:00  PM,8.618,,,,
1925,12/15/17 05:00:00  PM,8.618,,,,
1926,12/15/17 05:10:00  PM,8.643,,,,
1927,12/15/17 05:20:00  PM,8.643,,,,
1928,12/15/17 05:30:00  PM,8.643,,,,
1929,12/15/17 05:40:00  PM,8.643,,,,
1930,12/15/17 05:50:00  PM,8.643,,,,
1931,12/15/17 06:00:00  PM,8.643,,,,
1932,12/15/17 06:10:00  PM,8.643,,,,
1933,12/15/17 06:20:00  PM,8.618,,,,
1934,12/15/17 06:30:00  PM,8.618,,,,
1935,12/15/17 06:40:00  PM,8.618,,,,
1936,12/15/17 06:50:00  PM,8.618,,,,
1937,12/15/17 07:00:00  PM,8.618,,,,
1938,12/15/17 07:10:00  PM,8.618,,,,
1939,12/15/17 07:20:00  PM,8.618,,,,
1940,12/15/17 07:30:00  PM,8.618,,,,
1941,12/15/17 07:40:00  PM,8.618,,,,
1942,12/15/17 07:50:00  PM,8.618,,,,
1943,12/15/17 08:00:00  PM,8.618,,,,
1944,12/15/17 08:10:00  PM,8.618,,,,
1945,12/15/17 08:20:00  PM,8.618,,,,
1946,12/15/17 08:30:00  PM,8.618,,,,
1947,12/15/17 08:40:00  PM,8.618,,,,
1948,12/15/17 08:50:00  PM,8.618,,,,
1949,12/15/17 09:00:00  PM,8.618,,,,
1950,12/15/17 09:10:00  PM,8.593,,,,
1951,12/15/17 09:20:00  PM,8.593,,,,
1952,12/15/17 09:30:00  PM,8.593,,,,
1953,12/15/17 09:40:00  PM,8.593,,,,
1954,12/15/17 09:50:00  PM,8.593,,,,
1955,12/15/17 10:00:00  PM,8.593,,,,
1956,12/15/17 10:10:00  PM,8.593,,,,
1957,12/15/17 10:20:00  PM,8.593,,,,
1958,12/15/17 10:30:00  PM,8.568,,,,
1959,12/15/17 10:40:00  PM,8.568,,,,
1960,12/15/17 10:50:00  PM,8.593,,,,
1961,12/15/17 11:00:00  PM,8.593,,,,
1962,12/15/17 11:10:00  PM,8.593,,,,
1963,12/15/17 11:20:00  PM,8.593,,,,
1964,12/15/17 11:30:00  PM,8.593,,,,
1965,12/15/17 11:40:00  PM,8.593,,,,
1966,12/15/17 11:50:00  PM,8.593,,,,
1967,12/16/17 12:00:00  AM,8.593,,,,
1968,12/16/17 12:10:00  AM,8.618,,,,
1969,12/16/17 12:20:00  AM,8.618,,,,
1970,12/16/17 12:30:00  AM,8.618,,,,
1971,12/16/17 12:40:00  AM,8.618,,,,
1972,12/16/17 12:50:00  AM,8.618,,,,
1973,12/16/17 01:00:00  AM,8.618,,,,
1974,12/16/17 01:10:00  AM,8.618,,,,
1975,12/16/17 01:20:00  AM,8.593,,,,
1976,12/16/17 01:30:00  AM,8.618,,,,
1977,12/16/17 01:40:00  AM,8.618,,,,
1978,12/16/17 01:50:00  AM,8.618,,,,
1979,12/16/17 02:00:00  AM,8.618,,,,
1980,12/16/17 02:10:00  AM,8.618,,,,
1981,12/16/17 02:20:00  AM,8.618,,,,
1982,12/16/17 02:30:00  AM,8.618,,,,
1983,12/16/17 02:40:00  AM,8.618,,,,
1984,12/16/17 02:50:00  AM,8.618,,,,
1985,12/16/17 03:00:00  AM,8.618,,,,
1986,12/16/17 03:10:00  AM,8.618,,,,
1987,12/16/17 03:20:00  AM,8.618,,,,
1988,12/16/17 03:30:00  AM,8.618,,,,
1989,12/16/17 03:40:00  AM,8.618,,,,
1990,12/16/17 03:50:00  AM,8.618,,,,
1991,12/16/17 04:00:00  AM,8.618,,,,
1992,12/16/17 04:10:00  AM,8.618,,,,
1993,12/16/17 04:20:00  AM,8.618,,,,
1994,12/16/17 04:30:00  AM,8.618,,,,
1995,12/16/17 04:40:00  AM,8.618,,,,
1996,12/16/17 04:50:00  AM,8.618,,,,
1997,12/16/17 05:00:00  AM,8.618,,,,
1998,12/16/17 05:10:00  AM,8.618,,,,
1999,12/16/17 05:20:00  AM,8.618,,,,
2000,12/16/17 05:30:00  AM,8.618,,,,
2001,12/16/17 05:40:00  AM,8.618,,,,
2002,12/16/17 05:50:00  AM,8.618,,,,
2003,12/16/17 06:00:00  AM,8.618,,,,
2004,12/16/17 06:10:00  AM,8.618,,,,
2005,12/16/17 06:20:00  AM,8.618,,,,
2006,12/16/17 06:30:00  AM,8.618,,,,
2007,12/16/17 06:40:00  AM,8.618,,,,
2008,12/16/17 06:50:00  AM,8.618,,,,
2009,12/16/17 07:00:00  AM,8.593,,,,
2010,12/16/17 07:10:00  AM,8.593,,,,
2011,12/16/17 07:20:00  AM,8.593,,,,
2012,12/16/17 07:30:00  AM,8.593,,,,
2013,12/16/17 07:40:00  AM,8.543,,,,
2014,12/16/17 07:50:00  AM,8.593,,,,
2015,12/16/17 08:00:00  AM,8.543,,,,
2016,12/16/17 08:10:00  AM,8.568,,,,
2017,12/16/17 08:20:00  AM,8.568,,,,
2018,12/16/17 08:30:00  AM,8.568,,,,
2019,12/16/17 08:40:00  AM,8.568,,,,
2020,12/16/17 08:50:00  AM,8.568,,,,
2021,12/16/17 09:00:00  AM,8.568,,,,
2022,12/16/17 09:10:00  AM,8.593,,,,
2023,12/16/17 09:20:00  AM,8.568,,,,
2024,12/16/17 09:30:00  AM,8.568,,,,
2025,12/16/17 09:40:00  AM,8.568,,,,
2026,12/16/17 09:50:00  AM,8.568,,,,
2027,12/16/17 10:00:00  AM,8.568,,,,
2028,12/16/17 10:10:00  AM,8.593,,,,
2029,12/16/17 10:20:00  AM,8.593,,,,
2030,12/16/17 10:30:00  AM,8.568,,,,
2031,12/16/17 10:40:00  AM,8.568,,,,
2032,12/16/17 10:50:00  AM,8.593,,,,
2033,12/16/17 11:00:00  AM,8.593,,,,
2034,12/16/17 11:10:00  AM,8.618,,,,
2035,12/16/17 11:20:00  AM,8.618,,,,
2036,12/16/17 11:30:00  AM,8.618,,,,
2037,12/16/17 11:40:00  AM,8.618,,,,
2038,12/16/17 11:50:00  AM,8.618,,,,
2039,12/16/17 12:00:00  PM,8.618,,,,
2040,12/16/17 12:10:00  PM,8.618,,,,
2041,12/16/17 12:20:00  PM,8.618,,,,
2042,12/16/17 12:30:00  PM,8.618,,,,
2043,12/16/17 12:40:00  PM,8.618,,,,
2044,12/16/17 12:50:00  PM,8.618,,,,
2045,12/16/17 01:00:00  PM,8.618,,,,
2046,12/16/17 01:10:00  PM,8.618,,,,
2047,12/16/17 01:20:00  PM,8.618,,,,
2048,12/16/17 01:30:00  PM,8.618,,,,
2049,12/16/17 01:40:00  PM,8.618,,,,
2050,12/16/17 01:50:00  PM,8.618,,,,
2051,12/16/17 02:00:00  PM,8.618,,,,
2052,12/16/17 02:10:00  PM,8.618,,,,
2053,12/16/17 02:20:00  PM,8.618,,,,
2054,12/16/17 02:30:00  PM,8.618,,,,
2055,12/16/17 02:40:00  PM,8.618,,,,
2056,12/16/17 02:50:00  PM,8.618,,,,
2057,12/16/17 03:00:00  PM,8.618,,,,
2058,12/16/17 03:10:00  PM,8.618,,,,
2059,12/16/17 03:20:00  PM,8.618,,,,
2060,12/16/17 03:30:00  PM,8.618,,,,
2061,12/16/17 03:40:00  PM,8.618,,,,
2062,12/16/17 03:50:00  PM,8.618,,,,
2063,12/16/17 04:00:00  PM,8.618,,,,
2064,12/16/17 04:10:00  PM,8.618,,,,
2065,12/16/17 04:20:00  PM,8.618,,,,
2066,12/16/17 04:30:00  PM,8.618,,,,
2067,12/16/17 04:40:00  PM,8.618,,,,
2068,12/16/17 04:50:00  PM,8.618,,,,
2069,12/16/17 05:00:00  PM,8.618,,,,
2070,12/16/17 05:10:00  PM,8.618,,,,
2071,12/16/17 05:20:00  PM,8.618,,,,
2072,12/16/17 05:30:00  PM,8.618,,,,
2073,12/16/17 05:40:00  PM,8.618,,,,
2074,12/16/17 05:50:00  PM,8.618,,,,
2075,12/16/17 06:00:00  PM,8.618,,,,
2076,12/16/17 06:10:00  PM,8.618,,,,
2077,12/16/17 06:20:00  PM,8.618,,,,
2078,12/16/17 06:30:00  PM,8.618,,,,
2079,12/16/17 06:40:00  PM,8.618,,,,
2080,12/16/17 06:50:00  PM,8.618,,,,
2081,12/16/17 07:00:00  PM,8.618,,,,
2082,12/16/17 07:10:00  PM,8.618,,,,
2083,12/16/17 07:20:00  PM,8.618,,,,
2084,12/16/17 07:30:00  PM,8.618,,,,
2085,12/16/17 07:40:00  PM,8.618,,,,
2086,12/16/17 07:50:00  PM,8.618,,,,
2087,12/16/17 08:00:00  PM,8.618,,,,
2088,12/16/17 08:10:00  PM,8.593,,,,
2089,12/16/17 08:20:00  PM,8.593,,,,
2090,12/16/17 08:30:00  PM,8.593,,,,
2091,12/16/17 08:40:00  PM,8.593,,,,
2092,12/16/17 08:50:00  PM,8.593,,,,
2093,12/16/17 09:00:00  PM,8.568,,,,
2094,12/16/17 09:10:00  PM,8.568,,,,
2095,12/16/17 09:20:00  PM,8.568,,,,
2096,12/16/17 09:30:00  PM,8.568,,,,
2097,12/16/17 09:40:00  PM,8.593,,,,
2098,12/16/17 09:50:00  PM,8.568,,,,
2099,12/16/17 10:00:00  PM,8.568,,,,
2100,12/16/17 10:10:00  PM,8.543,,,,
2101,12/16/17 10:20:00  PM,8.543,,,,
2102,12/16/17 10:30:00  PM,8.543,,,,
2103,12/16/17 10:40:00  PM,8.543,,,,
2104,12/16/17 10:50:00  PM,8.543,,,,
2105,12/16/17 11:00:00  PM,8.543,,,,
2106,12/16/17 11:10:00  PM,8.568,,,,
2107,12/16/17 11:20:00  PM,8.568,,,,
2108,12/16/17 11:30:00  PM,8.568,,,,
2109,12/16/17 11:40:00  PM,8.593,,,,
2110,12/16/17 11:50:00  PM,8.618,,,,
2111,12/17/17 12:00:00  AM,8.618,,,,
2112,12/17/17 12:10:00  AM,8.618,,,,
2113,12/17/17 12:20:00  AM,8.618,,,,
2114,12/17/17 12:30:00  AM,8.618,,,,
2115,12/17/17 12:40:00  AM,8.618,,,,
2116,12/17/17 12:50:00  AM,8.593,,,,
2117,12/17/17 01:00:00  AM,8.618,,,,
2118,12/17/17 01:10:00  AM,8.593,,,,
2119,12/17/17 01:20:00  AM,8.618,,,,
2120,12/17/17 01:30:00  AM,8.618,,,,
2121,12/17/17 01:40:00  AM,8.618,,,,
2122,12/17/17 01:50:00  AM,8.618,,,,
2123,12/17/17 02:00:00  AM,8.618,,,,
2124,12/17/17 02:10:00  AM,8.618,,,,
2125,12/17/17 02:20:00  AM,8.618,,,,
2126,12/17/17 02:30:00  AM,8.643,,,,
2127,12/17/17 02:40:00  AM,8.618,,,,
2128,12/17/17 02:50:00  AM,8.618,,,,
2129,12/17/17 03:00:00  AM,8.618,,,,
2130,12/17/17 03:10:00  AM,8.618,,,,
2131,12/17/17 03:20:00  AM,8.618,,,,
2132,12/17/17 03:30:00  AM,8.618,,,,
2133,12/17/17 03:40:00  AM,8.618,,,,
2134,12/17/17 03:50:00  AM,8.618,,,,
2135,12/17/17 04:00:00  AM,8.618,,,,
2136,12/17/17 04:10:00  AM,8.618,,,,
2137,12/17/17 04:20:00  AM,8.618,,,,
2138,12/17/17 04:30:00  AM,8.618,,,,
2139,12/17/17 04:40:00  AM,8.618,,,,
2140,12/17/17 04:50:00  AM,8.618,,,,
2141,12/17/17 05:00:00  AM,8.618,,,,
2142,12/17/17 05:10:00  AM,8.618,,,,
2143,12/17/17 05:20:00  AM,8.618,,,,
2144,12/17/17 05:30:00  AM,8.618,,,,
2145,12/17/17 05:40:00  AM,8.618,,,,
2146,12/17/17 05:50:00  AM,8.618,,,,
2147,12/17/17 06:00:00  AM,8.618,,,,
2148,12/17/17 06:10:00  AM,8.618,,,,
2149,12/17/17 06:20:00  AM,8.618,,,,
2150,12/17/17 06:30:00  AM,8.618,,,,
2151,12/17/17 06:40:00  AM,8.618,,,,
2152,12/17/17 06:50:00  AM,8.618,,,,
2153,12/17/17 07:00:00  AM,8.618,,,,
2154,12/17/17 07:10:00  AM,8.618,,,,
2155,12/17/17 07:20:00  AM,8.618,,,,
2156,12/17/17 07:30:00  AM,8.618,,,,
2157,12/17/17 07:40:00  AM,8.618,,,,
2158,12/17/17 07:50:00  AM,8.618,,,,
2159,12/17/17 08:00:00  AM,8.618,,,,
2160,12/17/17 08:10:00  AM,8.593,,,,
2161,12/17/17 08:20:00  AM,8.593,,,,
2162,12/17/17 08:30:00  AM,8.593,,,,
2163,12/17/17 08:40:00  AM,8.593,,,,
2164,12/17/17 08:50:00  AM,8.593,,,,
2165,12/17/17 09:00:00  AM,8.593,,,,
2166,12/17/17 09:10:00  AM,8.593,,,,
2167,12/17/17 09:20:00  AM,8.593,,,,
2168,12/17/17 09:30:00  AM,8.593,,,,
2169,12/17/17 09:40:00  AM,8.593,,,,
2170,12/17/17 09:50:00  AM,8.593,,,,
2171,12/17/17 10:00:00  AM,8.593,,,,
2172,12/17/17 10:10:00  AM,8.593,,,,
2173,12/17/17 10:20:00  AM,8.593,,,,
2174,12/17/17 10:30:00  AM,8.618,,,,
2175,12/17/17 10:40:00  AM,8.618,,,,
2176,12/17/17 10:50:00  AM,8.618,,,,
2177,12/17/17 11:00:00  AM,8.618,,,,
2178,12/17/17 11:10:00  AM,8.618,,,,
2179,12/17/17 11:20:00  AM,8.618,,,,
2180,12/17/17 11:30:00  AM,8.618,,,,
2181,12/17/17 11:40:00  AM,8.618,,,,
2182,12/17/17 11:50:00  AM,8.618,,,,
2183,12/17/17 12:00:00  PM,8.618,,,,
2184,12/17/17 12:10:00  PM,8.618,,,,
2185,12/17/17 12:20:00  PM,8.618,,,,
2186,12/17/17 12:30:00  PM,8.618,,,,
2187,12/17/17 12:40:00  PM,8.618,,,,
2188,12/17/17 12:50:00  PM,8.618,,,,
2189,12/17/17 01:00:00  PM,8.643,,,,
2190,12/17/17 01:10:00  PM,8.643,,,,
2191,12/17/17 01:20:00  PM,8.643,,,,
2192,12/17/17 01:30:00  PM,8.643,,,,
2193,12/17/17 01:40:00  PM,8.643,,,,
2194,12/17/17 01:50:00  PM,8.643,,,,
2195,12/17/17 02:00:00  PM,8.643,,,,
2196,12/17/17 02:10:00  PM,8.643,,,,
2197,12/17/17 02:20:00  PM,8.643,,,,
2198,12/17/17 02:30:00  PM,8.618,,,,
2199,12/17/17 02:40:00  PM,8.618,,,,
2200,12/17/17 02:50:00  PM,8.618,,,,
2201,12/17/17 03:00:00  PM,8.618,,,,
2202,12/17/17 03:10:00  PM,8.643,,,,
2203,12/17/17 03:20:00  PM,8.643,,,,
2204,12/17/17 03:30:00  PM,8.618,,,,
2205,12/17/17 03:40:00  PM,8.643,,,,
2206,12/17/17 03:50:00  PM,8.618,,,,
2207,12/17/17 04:00:00  PM,8.618,,,,
2208,12/17/17 04:10:00  PM,8.618,,,,
2209,12/17/17 04:20:00  PM,8.618,,,,
2210,12/17/17 04:30:00  PM,8.618,,,,
2211,12/17/17 04:40:00  PM,8.618,,,,
2212,12/17/17 04:50:00  PM,8.618,,,,
2213,12/17/17 05:00:00  PM,8.643,,,,
2214,12/17/17 05:10:00  PM,8.618,,,,
2215,12/17/17 05:20:00  PM,8.618,,,,
2216,12/17/17 05:30:00  PM,8.618,,,,
2217,12/17/17 05:40:00  PM,8.593,,,,
2218,12/17/17 05:50:00  PM,8.618,,,,
2219,12/17/17 06:00:00  PM,8.593,,,,
2220,12/17/17 06:10:00  PM,8.568,,,,
2221,12/17/17 06:20:00  PM,8.494,,,,
2222,12/17/17 06:30:00  PM,8.494,,,,
2223,12/17/17 06:40:00  PM,8.469,,,,
2224,12/17/17 06:50:00  PM,8.469,,,,
2225,12/17/17 07:00:00  PM,8.469,,,,
2226,12/17/17 07:10:00  PM,8.444,,,,
2227,12/17/17 07:20:00  PM,8.444,,,,
2228,12/17/17 07:30:00  PM,8.419,,,,
2229,12/17/17 07:40:00  PM,8.419,,,,
2230,12/17/17 07:50:00  PM,8.419,,,,
2231,12/17/17 08:00:00  PM,8.419,,,,
2232,12/17/17 08:10:00  PM,8.419,,,,
2233,12/17/17 08:20:00  PM,8.419,,,,
2234,12/17/17 08:30:00  PM,8.444,,,,
2235,12/17/17 08:40:00  PM,8.444,,,,
2236,12/17/17 08:50:00  PM,8.469,,,,
2237,12/17/17 09:00:00  PM,8.444,,,,
2238,12/17/17 09:10:00  PM,8.469,,,,
2239,12/17/17 09:20:00  PM,8.444,,,,
2240,12/17/17 09:30:00  PM,8.444,,,,
2241,12/17/17 09:40:00  PM,8.444,,,,
2242,12/17/17 09:50:00  PM,8.444,,,,
2243,12/17/17 10:00:00  PM,8.444,,,,
2244,12/17/17 10:10:00  PM,8.419,,,,
2245,12/17/17 10:20:00  PM,8.419,,,,
2246,12/17/17 10:30:00  PM,8.419,,,,
2247,12/17/17 10:40:00  PM,8.394,,,,
2248,12/17/17 10:50:00  PM,8.419,,,,
2249,12/17/17 11:00:00  PM,8.419,,,,
2250,12/17/17 11:10:00  PM,8.419,,,,
2251,12/17/17 11:20:00  PM,8.419,,,,
2252,12/17/17 11:30:00  PM,8.394,,,,
2253,12/17/17 11:40:00  PM,8.394,,,,
2254,12/17/17 11:50:00  PM,8.419,,,,
2255,12/18/17 12:00:00  AM,8.369,,,,
2256,12/18/17 12:10:00  AM,8.419,,,,
2257,12/18/17 12:20:00  AM,8.394,,,,
2258,12/18/17 12:30:00  AM,8.444,,,,
2259,12/18/17 12:40:00  AM,8.444,,,,
2260,12/18/17 12:50:00  AM,8.419,,,,
2261,12/18/17 01:00:00  AM,8.469,,,,
2262,12/18/17 01:10:00  AM,8.494,,,,
2263,12/18/17 01:20:00  AM,8.494,,,,
2264,12/18/17 01:30:00  AM,8.519,,,,
2265,12/18/17 01:40:00  AM,8.519,,,,
2266,12/18/17 01:50:00  AM,8.519,,,,
2267,12/18/17 02:00:00  AM,8.519,,,,
2268,12/18/17 02:10:00  AM,8.568,,,,
2269,12/18/17 02:20:00  AM,8.568,,,,
2270,12/18/17 02:30:00  AM,8.568,,,,
2271,12/18/17 02:40:00  AM,8.543,,,,
2272,12/18/17 02:50:00  AM,8.543,,,,
2273,12/18/17 03:00:00  AM,8.519,,,,
2274,12/18/17 03:10:00  AM,8.543,,,,
2275,12/18/17 03:20:00  AM,8.519,,,,
2276,12/18/17 03:30:00  AM,8.519,,,,
2277,12/18/17 03:40:00  AM,8.543,,,,
2278,12/18/17 03:50:00  AM,8.543,,,,
2279,12/18/17 04:00:00  AM,8.543,,,,
2280,12/18/17 04:10:00  AM,8.543,,,,
2281,12/18/17 04:20:00  AM,8.543,,,,
2282,12/18/17 04:30:00  AM,8.568,,,,
2283,12/18/17 04:40:00  AM,8.568,,,,
2284,12/18/17 04:50:00  AM,8.568,,,,
2285,12/18/17 05:00:00  AM,8.568,,,,
2286,12/18/17 05:10:00  AM,8.568,,,,
2287,12/18/17 05:20:00  AM,8.568,,,,
2288,12/18/17 05:30:00  AM,8.568,,,,
2289,12/18/17 05:40:00  AM,8.543,,,,
2290,12/18/17 05:50:00  AM,8.543,,,,
2291,12/18/17 06:00:00  AM,8.519,,,,
2292,12/18/17 06:10:00  AM,8.519,,,,
2293,12/18/17 06:20:00  AM,8.494,,,,
2294,12/18/17 06:30:00  AM,8.494,,,,
2295,12/18/17 06:40:00  AM,8.469,,,,
2296,12/18/17 06:50:00  AM,8.469,,,,
2297,12/18/17 07:00:00  AM,8.469,,,,
2298,12/18/17 07:10:00  AM,8.469,,,,
2299,12/18/17 07:20:00  AM,8.444,,,,
2300,12/18/17 07:30:00  AM,8.469,,,,
2301,12/18/17 07:40:00  AM,8.519,,,,
2302,12/18/17 07:50:00  AM,8.494,,,,
2303,12/18/17 08:00:00  AM,8.494,,,,
2304,12/18/17 08:10:00  AM,8.494,,,,
2305,12/18/17 08:20:00  AM,8.494,,,,
2306,12/18/17 08:30:00  AM,8.494,,,,
2307,12/18/17 08:40:00  AM,8.494,,,,
2308,12/18/17 08:50:00  AM,8.519,,,,
2309,12/18/17 09:00:00  AM,8.519,,,,
2310,12/18/17 09:10:00  AM,8.519,,,,
2311,12/18/17 09:20:00  AM,8.519,,,,
2312,12/18/17 09:30:00  AM,8.519,,,,
2313,12/18/17 09:40:00  AM,8.519,,,,
2314,12/18/17 09:50:00  AM,8.519,,,,
2315,12/18/17 10:00:00  AM,8.519,,,,
2316,12/18/17 10:10:00  AM,8.519,,,,
2317,12/18/17 10:20:00  AM,8.494,,,,
2318,12/18/17 10:30:00  AM,8.519,,,,
2319,12/18/17 10:40:00  AM,8.519,,,,
2320,12/18/17 10:50:00  AM,8.519,,,,
2321,12/18/17 11:00:00  AM,8.519,,,,
2322,12/18/17 11:10:00  AM,8.519,,,,
2323,12/18/17 11:20:00  AM,8.519,,,,
2324,12/18/17 11:30:00  AM,8.519,,,,
2325,12/18/17 11:40:00  AM,8.519,,,,
2326,12/18/17 11:50:00  AM,8.519,,,,
2327,12/18/17 12:00:00  PM,8.519,,,,
2328,12/18/17 12:10:00  PM,8.519,,,,
2329,12/18/17 12:20:00  PM,8.519,,,,
2330,12/18/17 12:30:00  PM,8.519,,,,
2331,12/18/17 12:40:00  PM,8.519,,,,
2332,12/18/17 12:50:00  PM,8.519,,,,
2333,12/18/17 01:00:00  PM,8.494,,,,
2334,12/18/17 01:10:00  PM,8.519,,,,
2335,12/18/17 01:20:00  PM,8.494,,,,
2336,12/18/17 01:30:00  PM,8.519,,,,
2337,12/18/17 01:40:00  PM,8.519,,,,
2338,12/18/17 01:50:00  PM,8.519,,,,
2339,12/18/17 02:00:00  PM,8.519,,,,
2340,12/18/17 02:10:00  PM,8.543,,,,
2341,12/18/17 02:20:00  PM,8.543,,,,
2342,12/18/17 02:30:00  PM,8.519,,,,
2343,12/18/17 02:40:00  PM,8.519,,,,
2344,12/18/17 02:50:00  PM,8.543,,,,
2345,12/18/17 03:00:00  PM,8.519,,,,
2346,12/18/17 03:10:00  PM,8.519,,,,
2347,12/18/17 03:20:00  PM,8.543,,,,
2348,12/18/17 03:30:00  PM,8.543,,,,
2349,12/18/17 03:40:00  PM,8.519,,,,
2350,12/18/17 03:50:00  PM,8.519,,,,
2351,12/18/17 04:00:00  PM,8.543,,,,
2352,12/18/17 04:10:00  PM,8.543,,,,
2353,12/18/17 04:20:00  PM,8.568,,,,
2354,12/18/17 04:30:00  PM,8.568,,,,
2355,12/18/17 04:40:00  PM,8.568,,,,
2356,12/18/17 04:50:00  PM,8.593,,,,
2357,12/18/17 05:00:00  PM,8.593,,,,
2358,12/18/17 05:10:00  PM,8.593,,,,
2359,12/18/17 05:20:00  PM,8.593,,,,
2360,12/18/17 05:30:00  PM,8.593,,,,
2361,12/18/17 05:40:00  PM,8.593,,,,
2362,12/18/17 05:50:00  PM,8.593,,,,
2363,12/18/17 06:00:00  PM,8.568,,,,
2364,12/18/17 06:10:00  PM,8.568,,,,
2365,12/18/17 06:20:00  PM,8.568,,,,
2366,12/18/17 06:30:00  PM,8.568,,,,
2367,12/18/17 06:40:00  PM,8.568,,,,
2368,12/18/17 06:50:00  PM,8.568,,,,
2369,12/18/17 07:00:00  PM,8.568,,,,
2370,12/18/17 07:10:00  PM,8.568,,,,
2371,12/18/17 07:20:00  PM,8.568,,,,
2372,12/18/17 07:30:00  PM,8.568,,,,
2373,12/18/17 07:40:00  PM,8.568,,,,
2374,12/18/17 07:50:00  PM,8.568,,,,
2375,12/18/17 08:00:00  PM,8.568,,,,
2376,12/18/17 08:10:00  PM,8.543,,,,
2377,12/18/17 08:20:00  PM,8.543,,,,
2378,12/18/17 08:30:00  PM,8.519,,,,
2379,12/18/17 08:40:00  PM,8.519,,,,
2380,12/18/17 08:50:00  PM,8.519,,,,
2381,12/18/17 09:00:00  PM,8.519,,,,
2382,12/18/17 09:10:00  PM,8.519,,,,
2383,12/18/17 09:20:00  PM,8.494,,,,
2384,12/18/17 09:30:00  PM,8.494,,,,
2385,12/18/17 09:40:00  PM,8.494,,,,
2386,12/18/17 09:50:00  PM,8.494,,,,
2387,12/18/17 10:00:00  PM,8.494,,,,
2388,12/18/17 10:10:00  PM,8.494,,,,
2389,12/18/17 10:20:00  PM,8.469,,,,
2390,12/18/17 10:30:00  PM,8.469,,,,
2391,12/18/17 10:40:00  PM,8.469,,,,
2392,12/18/17 10:50:00  PM,8.469,,,,
2393,12/18/17 11:00:00  PM,8.469,,,,
2394,12/18/17 11:10:00  PM,8.444,,,,
2395,12/18/17 11:20:00  PM,8.469,,,,
2396,12/18/17 11:30:00  PM,8.444,,,,
2397,12/18/17 11:40:00  PM,8.444,,,,
2398,12/18/17 11:50:00  PM,8.444,,,,
2399,12/19/17 12:00:00  AM,8.419,,,,
2400,12/19/17 12:10:00  AM,8.419,,,,
2401,12/19/17 12:20:00  AM,8.419,,,,
2402,12/19/17 12:30:00  AM,8.444,,,,
2403,12/19/17 12:40:00  AM,8.469,,,,
2404,12/19/17 12:50:00  AM,8.469,,,,
2405,12/19/17 01:00:00  AM,8.469,,,,
2406,12/19/17 01:10:00  AM,8.469,,,,
2407,12/19/17 01:20:00  AM,8.469,,,,
2408,12/19/17 01:30:00  AM,8.494,,,,
2409,12/19/17 01:40:00  AM,8.519,,,,
2410,12/19/17 01:50:00  AM,8.519,,,,
2411,12/19/17 02:00:00  AM,8.519,,,,
2412,12/19/17 02:10:00  AM,8.519,,,,
2413,12/19/17 02:20:00  AM,8.519,,,,
2414,12/19/17 02:30:00  AM,8.543,,,,
2415,12/19/17 02:40:00  AM,8.519,,,,
2416,12/19/17 02:50:00  AM,8.519,,,,
2417,12/19/17 03:00:00  AM,8.519,,,,
2418,12/19/17 03:10:00  AM,8.519,,,,
2419,12/19/17 03:20:00  AM,8.543,,,,
2420,12/19/17 03:30:00  AM,8.543,,,,
2421,12/19/17 03:40:00  AM,8.568,,,,
2422,12/19/17 03:50:00  AM,8.568,,,,
2423,12/19/17 04:00:00  AM,8.568,,,,
2424,12/19/17 04:10:00  AM,8.593,,,,
2425,12/19/17 04:20:00  AM,8.593,,,,
2426,12/19/17 04:30:00  AM,8.593,,,,
2427,12/19/17 04:40:00  AM,8.593,,,,
2428,12/19/17 04:50:00  AM,8.593,,,,
2429,12/19/17 05:00:00  AM,8.568,,,,
2430,12/19/17 05:10:00  AM,8.568,,,,
2431,12/19/17 05:20:00  AM,8.568,,,,
2432,12/19/17 05:30:00  AM,8.568,,,,
2433,12/19/17 05:40:00  AM,8.568,,,,
2434,12/19/17 05:50:00  AM,8.568,,,,
2435,12/19/17 06:00:00  AM,8.568,,,,
2436,12/19/17 06:10:00  AM,8.568,,,,
2437,12/19/17 06:20:00  AM,8.593,,,,
2438,12/19/17 06:30:00  AM,8.593,,,,
2439,12/19/17 06:40:00  AM,8.593,,,,
2440,12/19/17 06:50:00  AM,8.568,,,,
2441,12/19/17 07:00:00  AM,8.568,,,,
2442,12/19/17 07:10:00  AM,8.568,,,,
2443,12/19/17 07:20:00  AM,8.593,,,,
2444,12/19/17 07:30:00  AM,8.593,,,,
2445,12/19/17 07:40:00  AM,8.593,,,,
2446,12/19/17 07:50:00  AM,8.568,,,,
2447,12/19/17 08:00:00  AM,8.543,,,,
2448,12/19/17 08:10:00  AM,8.543,,,,
2449,12/19/17 08:20:00  AM,8.543,,,,
2450,12/19/17 08:30:00  AM,8.519,,,,
2451,12/19/17 08:40:00  AM,8.519,,,,
2452,12/19/17 08:50:00  AM,8.519,,,,
2453,12/19/17 09:00:00  AM,8.519,,,,
2454,12/19/17 09:10:00  AM,8.519,,,,
2455,12/19/17 09:20:00  AM,8.519,,,,
2456,12/19/17 09:30:00  AM,8.543,,,,
2457,12/19/17 09:40:00  AM,8.543,,,,
2458,12/19/17 09:50:00  AM,8.543,,,,
2459,12/19/17 10:00:00  AM,8.543,,,,
2460,12/19/17 10:10:00  AM,8.519,,,,
2461,12/19/17 10:20:00  AM,8.519,,,,
2462,12/19/17 10:30:00  AM,8.519,,,,
2463,12/19/17 10:40:00  AM,8.519,,,,
2464,12/19/17 10:50:00  AM,8.519,,,,
2465,12/19/17 11:00:00  AM,8.519,,,,
2466,12/19/17 11:10:00  AM,8.519,,,,
2467,12/19/17 11:20:00  AM,8.519,,,,
2468,12/19/17 11:30:00  AM,8.519,,,,
2469,12/19/17 11:40:00  AM,8.519,,,,
2470,12/19/17 11:50:00  AM,8.519,,,,
2471,12/19/17 12:00:00  PM,8.519,,,,
2472,12/19/17 12:10:00  PM,8.519,,,,
2473,12/19/17 12:20:00  PM,8.519,,,,
2474,12/19/17 12:30:00  PM,8.519,,,,
2475,12/19/17 12:40:00  PM,8.519,,,,
2476,12/19/17 12:50:00  PM,8.519,,,,
2477,12/19/17 01:00:00  PM,8.519,,,,
2478,12/19/17 01:10:00  PM,8.519,,,,
2479,12/19/17 01:20:00  PM,8.543,,,,
2480,12/19/17 01:30:00  PM,8.519,,,,
2481,12/19/17 01:40:00  PM,8.543,,,,
2482,12/19/17 01:50:00  PM,8.519,,,,
2483,12/19/17 02:00:00  PM,8.543,,,,
2484,12/19/17 02:10:00  PM,8.543,,,,
2485,12/19/17 02:20:00  PM,8.543,,,,
2486,12/19/17 02:30:00  PM,8.543,,,,
2487,12/19/17 02:40:00  PM,8.543,,,,
2488,12/19/17 02:50:00  PM,8.543,,,,
2489,12/19/17 03:00:00  PM,8.568,,,,
2490,12/19/17 03:10:00  PM,8.568,,,,
2491,12/19/17 03:20:00  PM,8.568,,,,
2492,12/19/17 03:30:00  PM,8.568,,,,
2493,12/19/17 03:40:00  PM,8.568,,,,
2494,12/19/17 03:50:00  PM,8.568,,,,
2495,12/19/17 04:00:00  PM,8.568,,,,
2496,12/19/17 04:10:00  PM,8.543,,,,
2497,12/19/17 04:20:00  PM,8.543,,,,
2498,12/19/17 04:30:00  PM,8.543,,,,
2499,12/19/17 04:40:00  PM,8.543,,,,
2500,12/19/17 04:50:00  PM,8.543,,,,
2501,12/19/17 05:00:00  PM,8.543,,,,
2502,12/19/17 05:10:00  PM,8.543,,,,
2503,12/19/17 05:20:00  PM,8.543,,,,
2504,12/19/17 05:30:00  PM,8.543,,,,
2505,12/19/17 05:40:00  PM,8.543,,,,
2506,12/19/17 05:50:00  PM,8.543,,,,
2507,12/19/17 06:00:00  PM,8.543,,,,
2508,12/19/17 06:10:00  PM,8.543,,,,
2509,12/19/17 06:20:00  PM,8.543,,,,
2510,12/19/17 06:30:00  PM,8.543,,,,
2511,12/19/17 06:40:00  PM,8.543,,,,
2512,12/19/17 06:50:00  PM,8.543,,,,
2513,12/19/17 07:00:00  PM,8.519,,,,
2514,12/19/17 07:10:00  PM,8.519,,,,
2515,12/19/17 07:20:00  PM,8.494,,,,
2516,12/19/17 07:30:00  PM,8.494,,,,
2517,12/19/17 07:40:00  PM,8.494,,,,
2518,12/19/17 07:50:00  PM,8.469,,,,
2519,12/19/17 08:00:00  PM,8.494,,,,
2520,12/19/17 08:10:00  PM,8.469,,,,
2521,12/19/17 08:20:00  PM,8.469,,,,
2522,12/19/17 08:30:00  PM,8.469,,,,
2523,12/19/17 08:40:00  PM,8.469,,,,
2524,12/19/17 08:50:00  PM,8.469,,,,
2525,12/19/17 09:00:00  PM,8.469,,,,
2526,12/19/17 09:10:00  PM,8.494,,,,
2527,12/19/17 09:20:00  PM,8.519,,,,
2528,12/19/17 09:30:00  PM,8.519,,,,
2529,12/19/17 09:40:00  PM,8.519,,,,
2530,12/19/17 09:50:00  PM,8.519,,,,
2531,12/19/17 10:00:00  PM,8.519,,,,
2532,12/19/17 10:10:00  PM,8.543,,,,
2533,12/19/17 10:20:00  PM,8.543,,,,
2534,12/19/17 10:30:00  PM,8.543,,,,
2535,12/19/17 10:40:00  PM,8.519,,,,
2536,12/19/17 10:50:00  PM,8.519,,,,
2537,12/19/17 11:00:00  PM,8.519,,,,
2538,12/19/17 11:10:00  PM,8.519,,,,
2539,12/19/17 11:20:00  PM,8.519,,,,
2540,12/19/17 11:30:00  PM,8.519,,,,
2541,12/19/17 11:40:00  PM,8.494,,,,
2542,12/19/17 11:50:00  PM,8.494,,,,
2543,12/20/17 12:00:00  AM,8.494,,,,
2544,12/20/17 12:10:00  AM,8.494,,,,
2545,12/20/17 12:20:00  AM,8.494,,,,
2546,12/20/17 12:30:00  AM,8.494,,,,
2547,12/20/17 12:40:00  AM,8.469,,,,
2548,12/20/17 12:50:00  AM,8.469,,,,
2549,12/20/17 01:00:00  AM,8.444,,,,
2550,12/20/17 01:10:00  AM,8.394,,,,
2551,12/20/17 01:20:00  AM,8.369,,,,
2552,12/20/17 01:30:00  AM,8.369,,,,
2553,12/20/17 01:40:00  AM,8.394,,,,
2554,12/20/17 01:50:00  AM,8.419,,,,
2555,12/20/17 02:00:00  AM,8.419,,,,
2556,12/20/17 02:10:00  AM,8.394,,,,
2557,12/20/17 02:20:00  AM,8.419,,,,
2558,12/20/17 02:30:00  AM,8.419,,,,
2559,12/20/17 02:40:00  AM,8.394,,,,
2560,12/20/17 02:50:00  AM,8.394,,,,
2561,12/20/17 03:00:00  AM,8.394,,,,
2562,12/20/17 03:10:00  AM,8.394,,,,
2563,12/20/17 03:20:00  AM,8.369,,,,
2564,12/20/17 03:30:00  AM,8.369,,,,
2565,12/20/17 03:40:00  AM,8.369,,,,
2566,12/20/17 03:50:00  AM,8.344,,,,
2567,12/20/17 04:00:00  AM,8.344,,,,
2568,12/20/17 04:10:00  AM,8.344,,,,
2569,12/20/17 04:20:00  AM,8.369,,,,
2570,12/20/17 04:30:00  AM,8.369,,,,
2571,12/20/17 04:40:00  AM,8.369,,,,
2572,12/20/17 04:50:00  AM,8.394,,,,
2573,12/20/17 05:00:00  AM,8.419,,,,
2574,12/20/17 05:10:00  AM,8.444,,,,
2575,12/20/17 05:20:00  AM,8.494,,,,
2576,12/20/17 05:30:00  AM,8.494,,,,
2577,12/20/17 05:40:00  AM,8.494,,,,
2578,12/20/17 05:50:00  AM,8.469,,,,
2579,12/20/17 06:00:00  AM,8.444,,,,
2580,12/20/17 06:10:00  AM,8.444,,,,
2581,12/20/17 06:20:00  AM,8.469,,,,
2582,12/20/17 06:30:00  AM,8.444,,,,
2583,12/20/17 06:40:00  AM,8.419,,,,
2584,12/20/17 06:50:00  AM,8.444,,,,
2585,12/20/17 07:00:00  AM,8.469,,,,
2586,12/20/17 07:10:00  AM,8.469,,,,
2587,12/20/17 07:20:00  AM,8.494,,,,
2588,12/20/17 07:30:00  AM,8.494,,,,
2589,12/20/17 07:40:00  AM,8.494,,,,
2590,12/20/17 07:50:00  AM,8.494,,,,
2591,12/20/17 08:00:00  AM,8.469,,,,
2592,12/20/17 08:10:00  AM,8.469,,,,
2593,12/20/17 08:20:00  AM,8.469,,,,
2594,12/20/17 08:30:00  AM,8.494,,,,
2595,12/20/17 08:40:00  AM,8.494,,,,
2596,12/20/17 08:50:00  AM,8.469,,,,
2597,12/20/17 09:00:00  AM,8.469,,,,
2598,12/20/17 09:10:00  AM,8.519,,,,
2599,12/20/17 09:20:00  AM,8.494,,,,
2600,12/20/17 09:30:00  AM,8.469,,,,
2601,12/20/17 09:40:00  AM,8.469,,,,
2602,12/20/17 09:50:00  AM,8.444,,,,
2603,12/20/17 10:00:00  AM,8.419,,,,
2604,12/20/17 10:10:00  AM,8.419,,,,
2605,12/20/17 10:20:00  AM,8.419,,,,
2606,12/20/17 10:30:00  AM,8.444,,,,
2607,12/20/17 10:40:00  AM,8.444,,,,
2608,12/20/17 10:50:00  AM,8.469,,,,
2609,12/20/17 11:00:00  AM,8.543,,,,
2610,12/20/17 11:10:00  AM,8.568,,,,
2611,12/20/17 11:20:00  AM,8.568,,,,
2612,12/20/17 11:30:00  AM,8.568,,,,
2613,12/20/17 11:40:00  AM,8.568,,,,
2614,12/20/17 11:50:00  AM,8.568,,,,
2615,12/20/17 12:00:00  PM,8.568,,,,
2616,12/20/17 12:10:00  PM,8.568,,,,
2617,12/20/17 12:20:00  PM,8.568,,,,
2618,12/20/17 12:30:00  PM,8.568,,,,
2619,12/20/17 12:40:00  PM,8.568,,,,
2620,12/20/17 12:50:00  PM,8.568,,,,
2621,12/20/17 01:00:00  PM,8.568,,,,
2622,12/20/17 01:10:00  PM,8.568,,,,
2623,12/20/17 01:20:00  PM,8.568,,,,
2624,12/20/17 01:30:00  PM,8.543,,,,
2625,12/20/17 01:40:00  PM,8.568,,,,
2626,12/20/17 01:50:00  PM,8.568,,,,
2627,12/20/17 02:00:00  PM,8.593,,,,
2628,12/20/17 02:10:00  PM,8.593,,,,
2629,12/20/17 02:20:00  PM,8.593,,,,
2630,12/20/17 02:30:00  PM,8.593,,,,
2631,12/20/17 02:40:00  PM,8.568,,,,
2632,12/20/17 02:50:00  PM,8.568,,,,
2633,12/20/17 03:00:00  PM,8.593,,,,
2634,12/20/17 03:10:00  PM,8.593,,,,
2635,12/20/17 03:20:00  PM,8.593,,,,
2636,12/20/17 03:30:00  PM,8.593,,,,
2637,12/20/17 03:40:00  PM,8.593,,,,
2638,12/20/17 03:50:00  PM,8.593,,,,
2639,12/20/17 04:00:00  PM,8.593,,,,
2640,12/20/17 04:10:00  PM,8.593,,,,
2641,12/20/17 04:20:00  PM,8.593,,,,
2642,12/20/17 04:30:00  PM,8.593,,,,
2643,12/20/17 04:40:00  PM,8.593,,,,
2644,12/20/17 04:50:00  PM,8.593,,,,
2645,12/20/17 05:00:00  PM,8.593,,,,
2646,12/20/17 05:10:00  PM,8.593,,,,
2647,12/20/17 05:20:00  PM,8.593,,,,
2648,12/20/17 05:30:00  PM,8.593,,,,
2649,12/20/17 05:40:00  PM,8.593,,,,
2650,12/20/17 05:50:00  PM,8.593,,,,
2651,12/20/17 06:00:00  PM,8.593,,,,
2652,12/20/17 06:10:00  PM,8.593,,,,
2653,12/20/17 06:20:00  PM,8.593,,,,
2654,12/20/17 06:30:00  PM,8.593,,,,
2655,12/20/17 06:40:00  PM,8.593,,,,
2656,12/20/17 06:50:00  PM,8.593,,,,
2657,12/20/17 07:00:00  PM,8.593,,,,
2658,12/20/17 07:10:00  PM,8.593,,,,
2659,12/20/17 07:20:00  PM,8.593,,,,
2660,12/20/17 07:30:00  PM,8.593,,,,
2661,12/20/17 07:40:00  PM,8.593,,,,
2662,12/20/17 07:50:00  PM,8.593,,,,
2663,12/20/17 08:00:00  PM,8.593,,,,
2664,12/20/17 08:10:00  PM,8.593,,,,
2665,12/20/17 08:20:00  PM,8.593,,,,
2666,12/20/17 08:30:00  PM,8.593,,,,
2667,12/20/17 08:40:00  PM,8.593,,,,
2668,12/20/17 08:50:00  PM,8.593,,,,
2669,12/20/17 09:00:00  PM,8.593,,,,
2670,12/20/17 09:10:00  PM,8.593,,,,
2671,12/20/17 09:20:00  PM,8.593,,,,
2672,12/20/17 09:30:00  PM,8.593,,,,
2673,12/20/17 09:40:00  PM,8.593,,,,
2674,12/20/17 09:50:00  PM,8.593,,,,
2675,12/20/17 10:00:00  PM,8.593,,,,
2676,12/20/17 10:10:00  PM,8.593,,,,
2677,12/20/17 10:20:00  PM,8.593,,,,
2678,12/20/17 10:30:00  PM,8.593,,,,
2679,12/20/17 10:40:00  PM,8.593,,,,
2680,12/20/17 10:50:00  PM,8.593,,,,
2681,12/20/17 11:00:00  PM,8.593,,,,
2682,12/20/17 11:10:00  PM,8.593,,,,
2683,12/20/17 11:20:00  PM,8.593,,,,
2684,12/20/17 11:30:00  PM,8.593,,,,
2685,12/20/17 11:40:00  PM,8.593,,,,
2686,12/20/17 11:50:00  PM,8.593,,,,
2687,12/21/17 12:00:00  AM,8.593,,,,
2688,12/21/17 12:10:00  AM,8.593,,,,
2689,12/21/17 12:20:00  AM,8.593,,,,
2690,12/21/17 12:30:00  AM,8.593,,,,
2691,12/21/17 12:40:00  AM,8.593,,,,
2692,12/21/17 12:50:00  AM,8.593,,,,
2693,12/21/17 01:00:00  AM,8.593,,,,
2694,12/21/17 01:10:00  AM,8.593,,,,
2695,12/21/17 01:20:00  AM,8.593,,,,
2696,12/21/17 01:30:00  AM,8.593,,,,
2697,12/21/17 01:40:00  AM,8.593,,,,
2698,12/21/17 01:50:00  AM,8.593,,,,
2699,12/21/17 02:00:00  AM,8.593,,,,
2700,12/21/17 02:10:00  AM,8.593,,,,
2701,12/21/17 02:20:00  AM,8.618,,,,
2702,12/21/17 02:30:00  AM,8.618,,,,
2703,12/21/17 02:40:00  AM,8.618,,,,
2704,12/21/17 02:50:00  AM,8.618,,,,
2705,12/21/17 03:00:00  AM,8.618,,,,
2706,12/21/17 03:10:00  AM,8.618,,,,
2707,12/21/17 03:20:00  AM,8.618,,,,
2708,12/21/17 03:30:00  AM,8.618,,,,
2709,12/21/17 03:40:00  AM,8.643,,,,
2710,12/21/17 03:50:00  AM,8.593,,,,
2711,12/21/17 04:00:00  AM,8.593,,,,
2712,12/21/17 04:10:00  AM,8.593,,,,
2713,12/21/17 04:20:00  AM,8.618,,,,
2714,12/21/17 04:30:00  AM,8.618,,,,
2715,12/21/17 04:40:00  AM,8.618,,,,
2716,12/21/17 04:50:00  AM,8.618,,,,
2717,12/21/17 05:00:00  AM,8.618,,,,
2718,12/21/17 05:10:00  AM,8.618,,,,
2719,12/21/17 05:20:00  AM,8.618,,,,
2720,12/21/17 05:30:00  AM,8.618,,,,
2721,12/21/17 05:40:00  AM,8.618,,,,
2722,12/21/17 05:50:00  AM,8.618,,,,
2723,12/21/17 06:00:00  AM,8.593,,,,
2724,12/21/17 06:10:00  AM,8.618,,,,
2725,12/21/17 06:20:00  AM,8.618,,,,
2726,12/21/17 06:30:00  AM,8.618,,,,
2727,12/21/17 06:40:00  AM,8.618,,,,
2728,12/21/17 06:50:00  AM,8.618,,,,
2729,12/21/17 07:00:00  AM,8.618,,,,
2730,12/21/17 07:10:00  AM,8.618,,,,
2731,12/21/17 07:20:00  AM,8.618,,,,
2732,12/21/17 07:30:00  AM,8.618,,,,
2733,12/21/17 07:40:00  AM,8.618,,,,
2734,12/21/17 07:50:00  AM,8.618,,,,
2735,12/21/17 08:00:00  AM,8.618,,,,
2736,12/21/17 08:10:00  AM,8.618,,,,
2737,12/21/17 08:20:00  AM,8.618,,,,
2738,12/21/17 08:30:00  AM,8.618,,,,
2739,12/21/17 08:40:00  AM,8.618,,,,
2740,12/21/17 08:50:00  AM,8.618,,,,
2741,12/21/17 09:00:00  AM,8.618,,,,
2742,12/21/17 09:10:00  AM,8.618,,,,
2743,12/21/17 09:20:00  AM,8.618,,,,
2744,12/21/17 09:30:00  AM,8.618,,,,
2745,12/21/17 09:40:00  AM,8.618,,,,
2746,12/21/17 09:50:00  AM,8.618,,,,
2747,12/21/17 10:00:00  AM,8.618,,,,
2748,12/21/17 10:10:00  AM,8.618,,,,
2749,12/21/17 10:20:00  AM,8.618,,,,
2750,12/21/17 10:30:00  AM,8.618,,,,
2751,12/21/17 10:40:00  AM,8.618,,,,
2752,12/21/17 10:50:00  AM,8.618,,,,
2753,12/21/17 11:00:00  AM,8.618,,,,
2754,12/21/17 11:10:00  AM,8.618,,,,
2755,12/21/17 11:20:00  AM,8.618,,,,
2756,12/21/17 11:30:00  AM,8.618,,,,
2757,12/21/17 11:40:00  AM,8.618,,,,
2758,12/21/17 11:50:00  AM,8.618,,,,
2759,12/21/17 12:00:00  PM,8.618,,,,
2760,12/21/17 12:10:00  PM,8.618,,,,
2761,12/21/17 12:20:00  PM,8.618,,,,
2762,12/21/17 12:30:00  PM,8.618,,,,
2763,12/21/17 12:40:00  PM,8.618,,,,
2764,12/21/17 12:50:00  PM,8.643,,,,
2765,12/21/17 01:00:00  PM,8.643,,,,
2766,12/21/17 01:10:00  PM,8.643,,,,
2767,12/21/17 01:20:00  PM,8.643,,,,
2768,12/21/17 01:30:00  PM,8.643,,,,
2769,12/21/17 01:40:00  PM,8.643,,,,
2770,12/21/17 01:50:00  PM,8.643,,,,
2771,12/21/17 02:00:00  PM,8.643,,,,
2772,12/21/17 02:10:00  PM,8.618,,,,
2773,12/21/17 02:20:00  PM,8.643,,,,
2774,12/21/17 02:30:00  PM,8.618,,,,
2775,12/21/17 02:40:00  PM,8.618,,,,
2776,12/21/17 02:50:00  PM,8.618,,,,
2777,12/21/17 03:00:00  PM,8.618,,,,
2778,12/21/17 03:10:00  PM,8.618,,,,
2779,12/21/17 03:20:00  PM,8.618,,,,
2780,12/21/17 03:30:00  PM,8.618,,,,
2781,12/21/17 03:40:00  PM,8.618,,,,
2782,12/21/17 03:50:00  PM,8.618,,,,
2783,12/21/17 04:00:00  PM,8.618,,,,
2784,12/21/17 04:10:00  PM,8.618,,,,
2785,12/21/17 04:20:00  PM,8.618,,,,
2786,12/21/17 04:30:00  PM,8.618,,,,
2787,12/21/17 04:40:00  PM,8.618,,,,
2788,12/21/17 04:50:00  PM,8.618,,,,
2789,12/21/17 05:00:00  PM,8.618,,,,
2790,12/21/17 05:10:00  PM,8.618,,,,
2791,12/21/17 05:20:00  PM,8.618,,,,
2792,12/21/17 05:30:00  PM,8.618,,,,
2793,12/21/17 05:40:00  PM,8.618,,,,
2794,12/21/17 05:50:00  PM,8.618,,,,
2795,12/21/17 06:00:00  PM,8.618,,,,
2796,12/21/17 06:10:00  PM,8.618,,,,
2797,12/21/17 06:20:00  PM,8.618,,,,
2798,12/21/17 06:30:00  PM,8.643,,,,
2799,12/21/17 06:40:00  PM,8.643,,,,
2800,12/21/17 06:50:00  PM,8.618,,,,
2801,12/21/17 07:00:00  PM,8.618,,,,
2802,12/21/17 07:10:00  PM,8.643,,,,
2803,12/21/17 07:20:00  PM,8.643,,,,
2804,12/21/17 07:30:00  PM,8.618,,,,
2805,12/21/17 07:40:00  PM,8.618,,,,
2806,12/21/17 07:50:00  PM,8.618,,,,
2807,12/21/17 08:00:00  PM,8.643,,,,
2808,12/21/17 08:10:00  PM,8.618,,,,
2809,12/21/17 08:20:00  PM,8.618,,,,
2810,12/21/17 08:30:00  PM,8.618,,,,
2811,12/21/17 08:40:00  PM,8.618,,,,
2812,12/21/17 08:50:00  PM,8.618,,,,
2813,12/21/17 09:00:00  PM,8.618,,,,
2814,12/21/17 09:10:00  PM,8.618,,,,
2815,12/21/17 09:20:00  PM,8.618,,,,
2816,12/21/17 09:30:00  PM,8.618,,,,
2817,12/21/17 09:40:00  PM,8.643,,,,
2818,12/21/17 09:50:00  PM,8.643,,,,
2819,12/21/17 10:00:00  PM,8.643,,,,
2820,12/21/17 10:10:00  PM,8.643,,,,
2821,12/21/17 10:20:00  PM,8.643,,,,
2822,12/21/17 10:30:00  PM,8.643,,,,
2823,12/21/17 10:40:00  PM,8.618,,,,
2824,12/21/17 10:50:00  PM,8.643,,,,
2825,12/21/17 11:00:00  PM,8.618,,,,
2826,12/21/17 11:10:00  PM,8.618,,,,
2827,12/21/17 11:20:00  PM,8.618,,,,
2828,12/21/17 11:30:00  PM,8.618,,,,
2829,12/21/17 11:40:00  PM,8.643,,,,
2830,12/21/17 11:50:00  PM,8.643,,,,
2831,12/22/17 12:00:00  AM,8.643,,,,
2832,12/22/17 12:10:00  AM,8.643,,,,
2833,12/22/17 12:20:00  AM,8.618,,,,
2834,12/22/17 12:30:00  AM,8.618,,,,
2835,12/22/17 12:40:00  AM,8.643,,,,
2836,12/22/17 12:50:00  AM,8.643,,,,
2837,12/22/17 01:00:00  AM,8.643,,,,
2838,12/22/17 01:10:00  AM,8.643,,,,
2839,12/22/17 01:20:00  AM,8.643,,,,
2840,12/22/17 01:30:00  AM,8.618,,,,
2841,12/22/17 01:40:00  AM,8.643,,,,
2842,12/22/17 01:50:00  AM,8.618,,,,
2843,12/22/17 02:00:00  AM,8.643,,,,
2844,12/22/17 02:10:00  AM,8.643,,,,
2845,12/22/17 02:20:00  AM,8.643,,,,
2846,12/22/17 02:30:00  AM,8.643,,,,
2847,12/22/17 02:40:00  AM,8.643,,,,
2848,12/22/17 02:50:00  AM,8.618,,,,
2849,12/22/17 03:00:00  AM,8.643,,,,
2850,12/22/17 03:10:00  AM,8.643,,,,
2851,12/22/17 03:20:00  AM,8.643,,,,
2852,12/22/17 03:30:00  AM,8.643,,,,
2853,12/22/17 03:40:00  AM,8.643,,,,
2854,12/22/17 03:50:00  AM,8.618,,,,
2855,12/22/17 04:00:00  AM,8.618,,,,
2856,12/22/17 04:10:00  AM,8.643,,,,
2857,12/22/17 04:20:00  AM,8.618,,,,
2858,12/22/17 04:30:00  AM,8.643,,,,
2859,12/22/17 04:40:00  AM,8.643,,,,
2860,12/22/17 04:50:00  AM,8.643,,,,
2861,12/22/17 05:00:00  AM,8.618,,,,
2862,12/22/17 05:10:00  AM,8.618,,,,
2863,12/22/17 05:20:00  AM,8.643,,,,
2864,12/22/17 05:30:00  AM,8.618,,,,
2865,12/22/17 05:40:00  AM,8.618,,,,
2866,12/22/17 05:50:00  AM,8.618,,,,
2867,12/22/17 06:00:00  AM,8.618,,,,
2868,12/22/17 06:10:00  AM,8.618,,,,
2869,12/22/17 06:20:00  AM,8.618,,,,
2870,12/22/17 06:30:00  AM,8.643,,,,
2871,12/22/17 06:40:00  AM,8.643,,,,
2872,12/22/17 06:50:00  AM,8.643,,,,
2873,12/22/17 07:00:00  AM,8.643,,,,
2874,12/22/17 07:10:00  AM,8.643,,,,
2875,12/22/17 07:20:00  AM,8.643,,,,
2876,12/22/17 07:30:00  AM,8.618,,,,
2877,12/22/17 07:40:00  AM,8.643,,,,
2878,12/22/17 07:50:00  AM,8.643,,,,
2879,12/22/17 08:00:00  AM,8.643,,,,
2880,12/22/17 08:10:00  AM,8.618,,,,
2881,12/22/17 08:20:00  AM,8.618,,,,
2882,12/22/17 08:30:00  AM,8.568,,,,
2883,12/22/17 08:40:00  AM,8.543,,,,
2884,12/22/17 08:50:00  AM,8.494,,,,
2885,12/22/17 09:00:00  AM,8.494,,,,
2886,12/22/17 09:10:00  AM,8.494,,,,
2887,12/22/17 09:20:00  AM,8.444,,,,
2888,12/22/17 09:30:00  AM,8.469,,,,
2889,12/22/17 09:40:00  AM,8.494,,,,
2890,12/22/17 09:50:00  AM,8.519,,,,
2891,12/22/17 10:00:00  AM,8.568,,,,
2892,12/22/17 10:10:00  AM,8.543,,,,
2893,12/22/17 10:20:00  AM,8.568,,,,
2894,12/22/17 10:30:00  AM,8.519,,,,
2895,12/22/17 10:40:00  AM,8.568,,,,
2896,12/22/17 10:50:00  AM,8.568,,,,
2897,12/22/17 11:00:00  AM,8.593,,,,
2898,12/22/17 11:10:00  AM,8.618,,,,
2899,12/22/17 11:20:00  AM,8.618,,,,
2900,12/22/17 11:30:00  AM,8.618,,,,
2901,12/22/17 11:40:00  AM,8.618,,,,
2902,12/22/17 11:50:00  AM,8.618,,,,
2903,12/22/17 12:00:00  PM,8.618,,,,
2904,12/22/17 12:10:00  PM,8.618,,,,
2905,12/22/17 12:20:00  PM,8.618,,,,
2906,12/22/17 12:30:00  PM,8.618,,,,
2907,12/22/17 12:40:00  PM,8.618,,,,
2908,12/22/17 12:50:00  PM,8.618,,,,
2909,12/22/17 01:00:00  PM,8.618,,,,
2910,12/22/17 01:10:00  PM,8.618,,,,
2911,12/22/17 01:20:00  PM,8.618,,,,
2912,12/22/17 01:30:00  PM,8.618,,,,
2913,12/22/17 01:40:00  PM,8.618,,,,
2914,12/22/17 01:50:00  PM,8.618,,,,
2915,12/22/17 02:00:00  PM,8.618,,,,
2916,12/22/17 02:10:00  PM,8.618,,,,
2917,12/22/17 02:20:00  PM,8.618,,,,
2918,12/22/17 02:30:00  PM,8.618,,,,
2919,12/22/17 02:40:00  PM,8.618,,,,
2920,12/22/17 02:50:00  PM,8.618,,,,
2921,12/22/17 03:00:00  PM,8.618,,,,
2922,12/22/17 03:10:00  PM,8.618,,,,
2923,12/22/17 03:20:00  PM,8.618,,,,
2924,12/22/17 03:30:00  PM,8.618,,,,
2925,12/22/17 03:40:00  PM,8.618,,,,
2926,12/22/17 03:50:00  PM,8.618,,,,
2927,12/22/17 04:00:00  PM,8.618,,,,
2928,12/22/17 04:10:00  PM,8.618,,,,
2929,12/22/17 04:20:00  PM,8.618,,,,
2930,12/22/17 04:30:00  PM,8.618,,,,
2931,12/22/17 04:40:00  PM,8.618,,,,
2932,12/22/17 04:50:00  PM,8.643,,,,
2933,12/22/17 05:00:00  PM,8.618,,,,
2934,12/22/17 05:10:00  PM,8.618,,,,
2935,12/22/17 05:20:00  PM,8.618,,,,
2936,12/22/17 05:30:00  PM,8.618,,,,
2937,12/22/17 05:40:00  PM,8.618,,,,
2938,12/22/17 05:50:00  PM,8.618,,,,
2939,12/22/17 06:00:00  PM,8.618,,,,
2940,12/22/17 06:10:00  PM,8.618,,,,
2941,12/22/17 06:20:00  PM,8.618,,,,
2942,12/22/17 06:30:00  PM,8.618,,,,
2943,12/22/17 06:40:00  PM,8.618,,,,
2944,12/22/17 06:50:00  PM,8.618,,,,
2945,12/22/17 07:00:00  PM,8.618,,,,
2946,12/22/17 07:10:00  PM,8.618,,,,
2947,12/22/17 07:20:00  PM,8.618,,,,
2948,12/22/17 07:30:00  PM,8.618,,,,
2949,12/22/17 07:40:00  PM,8.618,,,,
2950,12/22/17 07:50:00  PM,8.618,,,,
2951,12/22/17 08:00:00  PM,8.618,,,,
2952,12/22/17 08:10:00  PM,8.618,,,,
2953,12/22/17 08:20:00  PM,8.618,,,,
2954,12/22/17 08:30:00  PM,8.618,,,,
2955,12/22/17 08:40:00  PM,8.593,,,,
2956,12/22/17 08:50:00  PM,8.593,,,,
2957,12/22/17 09:00:00  PM,8.593,,,,
2958,12/22/17 09:10:00  PM,8.593,,,,
2959,12/22/17 09:20:00  PM,8.593,,,,
2960,12/22/17 09:30:00  PM,8.593,,,,
2961,12/22/17 09:40:00  PM,8.618,,,,
2962,12/22/17 09:50:00  PM,8.618,,,,
2963,12/22/17 10:00:00  PM,8.618,,,,
2964,12/22/17 10:10:00  PM,8.593,,,,
2965,12/22/17 10:20:00  PM,8.593,,,,
2966,12/22/17 10:30:00  PM,8.618,,,,
2967,12/22/17 10:40:00  PM,8.618,,,,
2968,12/22/17 10:50:00  PM,8.618,,,,
2969,12/22/17 11:00:00  PM,8.593,,,,
2970,12/22/17 11:10:00  PM,8.593,,,,
2971,12/22/17 11:20:00  PM,8.593,,,,
2972,12/22/17 11:30:00  PM,8.593,,,,
2973,12/22/17 11:40:00  PM,8.593,,,,
2974,12/22/17 11:50:00  PM,8.593,,,,
2975,12/23/17 12:00:00  AM,8.593,,,,
2976,12/23/17 12:10:00  AM,8.593,,,,
2977,12/23/17 12:20:00  AM,8.593,,,,
2978,12/23/17 12:30:00  AM,8.593,,,,
2979,12/23/17 12:40:00  AM,8.593,,,,
2980,12/23/17 12:50:00  AM,8.593,,,,
2981,12/23/17 01:00:00  AM,8.593,,,,
2982,12/23/17 01:10:00  AM,8.593,,,,
2983,12/23/17 01:20:00  AM,8.593,,,,
2984,12/23/17 01:30:00  AM,8.593,,,,
2985,12/23/17 01:40:00  AM,8.593,,,,
2986,12/23/17 01:50:00  AM,8.593,,,,
2987,12/23/17 02:00:00  AM,8.593,,,,
2988,12/23/17 02:10:00  AM,8.568,,,,
2989,12/23/17 02:20:00  AM,8.568,,,,
2990,12/23/17 02:30:00  AM,8.568,,,,
2991,12/23/17 02:40:00  AM,8.568,,,,
2992,12/23/17 02:50:00  AM,8.543,,,,
2993,12/23/17 03:00:00  AM,8.543,,,,
2994,12/23/17 03:10:00  AM,8.543,,,,
2995,12/23/17 03:20:00  AM,8.568,,,,
2996,12/23/17 03:30:00  AM,8.568,,,,
2997,12/23/17 03:40:00  AM,8.593,,,,
2998,12/23/17 03:50:00  AM,8.593,,,,
2999,12/23/17 04:00:00  AM,8.593,,,,
3000,12/23/17 04:10:00  AM,8.593,,,,
3001,12/23/17 04:20:00  AM,8.593,,,,
3002,12/23/17 04:30:00  AM,8.593,,,,
3003,12/23/17 04:40:00  AM,8.593,,,,
3004,12/23/17 04:50:00  AM,8.593,,,,
3005,12/23/17 05:00:00  AM,8.593,,,,
3006,12/23/17 05:10:00  AM,8.593,,,,
3007,12/23/17 05:20:00  AM,8.593,,,,
3008,12/23/17 05:30:00  AM,8.593,,,,
3009,12/23/17 05:40:00  AM,8.593,,,,
3010,12/23/17 05:50:00  AM,8.593,,,,
3011,12/23/17 06:00:00  AM,8.593,,,,
3012,12/23/17 06:10:00  AM,8.593,,,,
3013,12/23/17 06:20:00  AM,8.568,,,,
3014,12/23/17 06:30:00  AM,8.568,,,,
3015,12/23/17 06:40:00  AM,8.568,,,,
3016,12/23/17 06:50:00  AM,8.593,,,,
3017,12/23/17 07:00:00  AM,8.593,,,,
3018,12/23/17 07:10:00  AM,8.593,,,,
3019,12/23/17 07:20:00  AM,8.593,,,,
3020,12/23/17 07:30:00  AM,8.593,,,,
3021,12/23/17 07:40:00  AM,8.593,,,,
3022,12/23/17 07:50:00  AM,8.593,,,,
3023,12/23/17 08:00:00  AM,8.593,,,,
3024,12/23/17 08:10:00  AM,8.618,,,,
3025,12/23/17 08:20:00  AM,8.593,,,,
3026,12/23/17 08:30:00  AM,8.618,,,,
3027,12/23/17 08:40:00  AM,8.593,,,,
3028,12/23/17 08:50:00  AM,8.593,,,,
3029,12/23/17 09:00:00  AM,8.593,,,,
3030,12/23/17 09:10:00  AM,8.593,,,,
3031,12/23/17 09:20:00  AM,8.593,,,,
3032,12/23/17 09:30:00  AM,8.618,,,,
3033,12/23/17 09:40:00  AM,8.593,,,,
3034,12/23/17 09:50:00  AM,8.593,,,,
3035,12/23/17 10:00:00  AM,8.593,,,,
3036,12/23/17 10:10:00  AM,8.593,,,,
3037,12/23/17 10:20:00  AM,8.593,,,,
3038,12/23/17 10:30:00  AM,8.593,,,,
3039,12/23/17 10:40:00  AM,8.593,,,,
3040,12/23/17 10:50:00  AM,8.593,,,,
3041,12/23/17 11:00:00  AM,8.593,,,,
3042,12/23/17 11:10:00  AM,8.593,,,,
3043,12/23/17 11:20:00  AM,8.593,,,,
3044,12/23/17 11:30:00  AM,8.593,,,,
3045,12/23/17 11:40:00  AM,8.593,,,,
3046,12/23/17 11:50:00  AM,8.593,,,,
3047,12/23/17 12:00:00  PM,8.618,,,,
3048,12/23/17 12:10:00  PM,8.618,,,,
3049,12/23/17 12:20:00  PM,8.618,,,,
3050,12/23/17 12:30:00  PM,8.618,,,,
3051,12/23/17 12:40:00  PM,8.618,,,,
3052,12/23/17 12:50:00  PM,8.618,,,,
3053,12/23/17 01:00:00  PM,8.618,,,,
3054,12/23/17 01:10:00  PM,8.618,,,,
3055,12/23/17 01:20:00  PM,8.618,,,,
3056,12/23/17 01:30:00  PM,8.618,,,,
3057,12/23/17 01:40:00  PM,8.618,,,,
3058,12/23/17 01:50:00  PM,8.618,,,,
3059,12/23/17 02:00:00  PM,8.618,,,,
3060,12/23/17 02:10:00  PM,8.618,,,,
3061,12/23/17 02:20:00  PM,8.618,,,,
3062,12/23/17 02:30:00  PM,8.618,,,,
3063,12/23/17 02:40:00  PM,8.618,,,,
3064,12/23/17 02:50:00  PM,8.618,,,,
3065,12/23/17 03:00:00  PM,8.618,,,,
3066,12/23/17 03:10:00  PM,8.618,,,,
3067,12/23/17 03:20:00  PM,8.618,,,,
3068,12/23/17 03:30:00  PM,8.618,,,,
3069,12/23/17 03:40:00  PM,8.618,,,,
3070,12/23/17 03:50:00  PM,8.618,,,,
3071,12/23/17 04:00:00  PM,8.618,,,,
3072,12/23/17 04:10:00  PM,8.618,,,,
3073,12/23/17 04:20:00  PM,8.618,,,,
3074,12/23/17 04:30:00  PM,8.618,,,,
3075,12/23/17 04:40:00  PM,8.618,,,,
3076,12/23/17 04:50:00  PM,8.618,,,,
3077,12/23/17 05:00:00  PM,8.643,,,,
3078,12/23/17 05:10:00  PM,8.643,,,,
3079,12/23/17 05:20:00  PM,8.618,,,,
3080,12/23/17 05:30:00  PM,8.618,,,,
3081,12/23/17 05:40:00  PM,8.618,,,,
3082,12/23/17 05:50:00  PM,8.618,,,,
3083,12/23/17 06:00:00  PM,8.618,,,,
3084,12/23/17 06:10:00  PM,8.618,,,,
3085,12/23/17 06:20:00  PM,8.618,,,,
3086,12/23/17 06:30:00  PM,8.618,,,,
3087,12/23/17 06:40:00  PM,8.618,,,,
3088,12/23/17 06:50:00  PM,8.618,,,,
3089,12/23/17 07:00:00  PM,8.618,,,,
3090,12/23/17 07:10:00  PM,8.618,,,,
3091,12/23/17 07:20:00  PM,8.618,,,,
3092,12/23/17 07:30:00  PM,8.643,,,,
3093,12/23/17 07:40:00  PM,8.618,,,,
3094,12/23/17 07:50:00  PM,8.618,,,,
3095,12/23/17 08:00:00  PM,8.643,,,,
3096,12/23/17 08:10:00  PM,8.643,,,,
3097,12/23/17 08:20:00  PM,8.643,,,,
3098,12/23/17 08:30:00  PM,8.618,,,,
3099,12/23/17 08:40:00  PM,8.643,,,,
3100,12/23/17 08:50:00  PM,8.618,,,,
3101,12/23/17 09:00:00  PM,8.618,,,,
3102,12/23/17 09:10:00  PM,8.618,,,,
3103,12/23/17 09:20:00  PM,8.618,,,,
3104,12/23/17 09:30:00  PM,8.618,,,,
3105,12/23/17 09:40:00  PM,8.618,,,,
3106,12/23/17 09:50:00  PM,8.618,,,,
3107,12/23/17 10:00:00  PM,8.618,,,,
3108,12/23/17 10:10:00  PM,8.618,,,,
3109,12/23/17 10:20:00  PM,8.618,,,,
3110,12/23/17 10:30:00  PM,8.618,,,,
3111,12/23/17 10:40:00  PM,8.618,,,,
3112,12/23/17 10:50:00  PM,8.618,,,,
3113,12/23/17 11:00:00  PM,8.618,,,,
3114,12/23/17 11:10:00  PM,8.618,,,,
3115,12/23/17 11:20:00  PM,8.618,,,,
3116,12/23/17 11:30:00  PM,8.618,,,,
3117,12/23/17 11:40:00  PM,8.618,,,,
3118,12/23/17 11:50:00  PM,8.618,,,,
3119,12/24/17 12:00:00  AM,8.618,,,,
3120,12/24/17 12:10:00  AM,8.618,,,,
3121,12/24/17 12:20:00  AM,8.618,,,,
3122,12/24/17 12:30:00  AM,8.618,,,,
3123,12/24/17 12:40:00  AM,8.618,,,,
3124,12/24/17 12:50:00  AM,8.618,,,,
3125,12/24/17 01:00:00  AM,8.618,,,,
3126,12/24/17 01:10:00  AM,8.618,,,,
3127,12/24/17 01:20:00  AM,8.618,,,,
3128,12/24/17 01:30:00  AM,8.618,,,,
3129,12/24/17 01:40:00  AM,8.618,,,,
3130,12/24/17 01:50:00  AM,8.618,,,,
3131,12/24/17 02:00:00  AM,8.618,,,,
3132,12/24/17 02:10:00  AM,8.618,,,,
3133,12/24/17 02:20:00  AM,8.618,,,,
3134,12/24/17 02:30:00  AM,8.618,,,,
3135,12/24/17 02:40:00  AM,8.618,,,,
3136,12/24/17 02:50:00  AM,8.618,,,,
3137,12/24/17 03:00:00  AM,8.618,,,,
3138,12/24/17 03:10:00  AM,8.618,,,,
3139,12/24/17 03:20:00  AM,8.618,,,,
3140,12/24/17 03:30:00  AM,8.618,,,,
3141,12/24/17 03:40:00  AM,8.618,,,,
3142,12/24/17 03:50:00  AM,8.618,,,,
3143,12/24/17 04:00:00  AM,8.618,,,,
3144,12/24/17 04:10:00  AM,8.618,,,,
3145,12/24/17 04:20:00  AM,8.618,,,,
3146,12/24/17 04:30:00  AM,8.618,,,,
3147,12/24/17 04:40:00  AM,8.618,,,,
3148,12/24/17 04:50:00  AM,8.618,,,,
3149,12/24/17 05:00:00  AM,8.618,,,,
3150,12/24/17 05:10:00  AM,8.618,,,,
3151,12/24/17 05:20:00  AM,8.618,,,,
3152,12/24/17 05:30:00  AM,8.618,,,,
3153,12/24/17 05:40:00  AM,8.618,,,,
3154,12/24/17 05:50:00  AM,8.618,,,,
3155,12/24/17 06:00:00  AM,8.618,,,,
3156,12/24/17 06:10:00  AM,8.618,,,,
3157,12/24/17 06:20:00  AM,8.618,,,,
3158,12/24/17 06:30:00  AM,8.618,,,,
3159,12/24/17 06:40:00  AM,8.618,,,,
3160,12/24/17 06:50:00  AM,8.618,,,,
3161,12/24/17 07:00:00  AM,8.618,,,,
3162,12/24/17 07:10:00  AM,8.618,,,,
3163,12/24/17 07:20:00  AM,8.593,,,,
3164,12/24/17 07:30:00  AM,8.593,,,,
3165,12/24/17 07:40:00  AM,8.593,,,,
3166,12/24/17 07:50:00  AM,8.593,,,,
3167,12/24/17 08:00:00  AM,8.568,,,,
3168,12/24/17 08:10:00  AM,8.519,,,,
3169,12/24/17 08:20:00  AM,8.494,,,,
3170,12/24/17 08:30:00  AM,8.494,,,,
3171,12/24/17 08:40:00  AM,8.494,,,,
3172,12/24/17 08:50:00  AM,8.494,,,,
3173,12/24/17 09:00:00  AM,8.494,,,,
3174,12/24/17 09:10:00  AM,8.494,,,,
3175,12/24/17 09:20:00  AM,8.543,,,,
3176,12/24/17 09:30:00  AM,8.593,,,,
3177,12/24/17 09:40:00  AM,8.593,,,,
3178,12/24/17 09:50:00  AM,8.593,,,,
3179,12/24/17 10:00:00  AM,8.593,,,,
3180,12/24/17 10:10:00  AM,8.593,,,,
3181,12/24/17 10:20:00  AM,8.593,,,,
3182,12/24/17 10:30:00  AM,8.593,,,,
3183,12/24/17 10:40:00  AM,8.593,,,,
3184,12/24/17 10:50:00  AM,8.593,,,,
3185,12/24/17 11:00:00  AM,8.593,,,,
3186,12/24/17 11:10:00  AM,8.568,,,,
3187,12/24/17 11:20:00  AM,8.593,,,,
3188,12/24/17 11:30:00  AM,8.593,,,,
3189,12/24/17 11:40:00  AM,8.593,,,,
3190,12/24/17 11:50:00  AM,8.593,,,,
3191,12/24/17 12:00:00  PM,8.593,,,,
3192,12/24/17 12:10:00  PM,8.593,,,,
3193,12/24/17 12:20:00  PM,8.593,,,,
3194,12/24/17 12:30:00  PM,8.593,,,,
3195,12/24/17 12:40:00  PM,8.593,,,,
3196,12/24/17 12:50:00  PM,8.593,,,,
3197,12/24/17 01:00:00  PM,8.593,,,,
3198,12/24/17 01:10:00  PM,8.593,,,,
3199,12/24/17 01:20:00  PM,8.593,,,,
3200,12/24/17 01:30:00  PM,8.593,,,,
3201,12/24/17 01:40:00  PM,8.593,,,,
3202,12/24/17 01:50:00  PM,8.593,,,,
3203,12/24/17 02:00:00  PM,8.593,,,,
3204,12/24/17 02:10:00  PM,8.593,,,,
3205,12/24/17 02:20:00  PM,8.593,,,,
3206,12/24/17 02:30:00  PM,8.593,,,,
3207,12/24/17 02:40:00  PM,8.618,,,,
3208,12/24/17 02:50:00  PM,8.593,,,,
3209,12/24/17 03:00:00  PM,8.593,,,,
3210,12/24/17 03:10:00  PM,8.618,,,,
3211,12/24/17 03:20:00  PM,8.618,,,,
3212,12/24/17 03:30:00  PM,8.593,,,,
3213,12/24/17 03:40:00  PM,8.618,,,,
3214,12/24/17 03:50:00  PM,8.593,,,,
3215,12/24/17 04:00:00  PM,8.618,,,,
3216,12/24/17 04:10:00  PM,8.618,,,,
3217,12/24/17 04:20:00  PM,8.618,,,,
3218,12/24/17 04:30:00  PM,8.618,,,,
3219,12/24/17 04:40:00  PM,8.618,,,,
3220,12/24/17 04:50:00  PM,8.618,,,,
3221,12/24/17 05:00:00  PM,8.618,,,,
3222,12/24/17 05:10:00  PM,8.643,,,,
3223,12/24/17 05:20:00  PM,8.618,,,,
3224,12/24/17 05:30:00  PM,8.618,,,,
3225,12/24/17 05:40:00  PM,8.618,,,,
3226,12/24/17 05:50:00  PM,8.618,,,,
3227,12/24/17 06:00:00  PM,8.618,,,,
3228,12/24/17 06:10:00  PM,8.618,,,,
3229,12/24/17 06:20:00  PM,8.618,,,,
3230,12/24/17 06:30:00  PM,8.618,,,,
3231,12/24/17 06:40:00  PM,8.618,,,,
3232,12/24/17 06:50:00  PM,8.618,,,,
3233,12/24/17 07:00:00  PM,8.618,,,,
3234,12/24/17 07:10:00  PM,8.618,,,,
3235,12/24/17 07:20:00  PM,8.618,,,,
3236,12/24/17 07:30:00  PM,8.618,,,,
3237,12/24/17 07:40:00  PM,8.618,,,,
3238,12/24/17 07:50:00  PM,8.618,,,,
3239,12/24/17 08:00:00  PM,8.618,,,,
3240,12/24/17 08:10:00  PM,8.618,,,,
3241,12/24/17 08:20:00  PM,8.618,,,,
3242,12/24/17 08:30:00  PM,8.618,,,,
3243,12/24/17 08:40:00  PM,8.618,,,,
3244,12/24/17 08:50:00  PM,8.593,,,,
3245,12/24/17 09:00:00  PM,8.618,,,,
3246,12/24/17 09:10:00  PM,8.618,,,,
3247,12/24/17 09:20:00  PM,8.618,,,,
3248,12/24/17 09:30:00  PM,8.618,,,,
3249,12/24/17 09:40:00  PM,8.618,,,,
3250,12/24/17 09:50:00  PM,8.618,,,,
3251,12/24/17 10:00:00  PM,8.618,,,,
3252,12/24/17 10:10:00  PM,8.618,,,,
3253,12/24/17 10:20:00  PM,8.618,,,,
3254,12/24/17 10:30:00  PM,8.618,,,,
3255,12/24/17 10:40:00  PM,8.618,,,,
3256,12/24/17 10:50:00  PM,8.618,,,,
3257,12/24/17 11:00:00  PM,8.618,,,,
3258,12/24/17 11:10:00  PM,8.618,,,,
3259,12/24/17 11:20:00  PM,8.618,,,,
3260,12/24/17 11:30:00  PM,8.618,,,,
3261,12/24/17 11:40:00  PM,8.618,,,,
3262,12/24/17 11:50:00  PM,8.618,,,,
3263,12/25/17 12:00:00  AM,8.618,,,,
3264,12/25/17 12:10:00  AM,8.618,,,,
3265,12/25/17 12:20:00  AM,8.618,,,,
3266,12/25/17 12:30:00  AM,8.618,,,,
3267,12/25/17 12:40:00  AM,8.618,,,,
3268,12/25/17 12:50:00  AM,8.618,,,,
3269,12/25/17 01:00:00  AM,8.618,,,,
3270,12/25/17 01:10:00  AM,8.618,,,,
3271,12/25/17 01:20:00  AM,8.618,,,,
3272,12/25/17 01:30:00  AM,8.618,,,,
3273,12/25/17 01:40:00  AM,8.618,,,,
3274,12/25/17 01:50:00  AM,8.618,,,,
3275,12/25/17 02:00:00  AM,8.618,,,,
3276,12/25/17 02:10:00  AM,8.618,,,,
3277,12/25/17 02:20:00  AM,8.618,,,,
3278,12/25/17 02:30:00  AM,8.618,,,,
3279,12/25/17 02:40:00  AM,8.618,,,,
3280,12/25/17 02:50:00  AM,8.618,,,,
3281,12/25/17 03:00:00  AM,8.618,,,,
3282,12/25/17 03:10:00  AM,8.618,,,,
3283,12/25/17 03:20:00  AM,8.618,,,,
3284,12/25/17 03:30:00  AM,8.618,,,,
3285,12/25/17 03:40:00  AM,8.618,,,,
3286,12/25/17 03:50:00  AM,8.618,,,,
3287,12/25/17 04:00:00  AM,8.618,,,,
3288,12/25/17 04:10:00  AM,8.618,,,,
3289,12/25/17 04:20:00  AM,8.618,,,,
3290,12/25/17 04:30:00  AM,8.618,,,,
3291,12/25/17 04:40:00  AM,8.618,,,,
3292,12/25/17 04:50:00  AM,8.618,,,,
3293,12/25/17 05:00:00  AM,8.618,,,,
3294,12/25/17 05:10:00  AM,8.618,,,,
3295,12/25/17 05:20:00  AM,8.618,,,,
3296,12/25/17 05:30:00  AM,8.618,,,,
3297,12/25/17 05:40:00  AM,8.618,,,,
3298,12/25/17 05:50:00  AM,8.618,,,,
3299,12/25/17 06:00:00  AM,8.618,,,,
3300,12/25/17 06:10:00  AM,8.618,,,,
3301,12/25/17 06:20:00  AM,8.618,,,,
3302,12/25/17 06:30:00  AM,8.618,,,,
3303,12/25/17 06:40:00  AM,8.618,,,,
3304,12/25/17 06:50:00  AM,8.618,,,,
3305,12/25/17 07:00:00  AM,8.618,,,,
3306,12/25/17 07:10:00  AM,8.618,,,,
3307,12/25/17 07:20:00  AM,8.618,,,,
3308,12/25/17 07:30:00  AM,8.618,,,,
3309,12/25/17 07:40:00  AM,8.618,,,,
3310,12/25/17 07:50:00  AM,8.593,,,,
3311,12/25/17 08:00:00  AM,8.593,,,,
3312,12/25/17 08:10:00  AM,8.593,,,,
3313,12/25/17 08:20:00  AM,8.593,,,,
3314,12/25/17 08:30:00  AM,8.593,,,,
3315,12/25/17 08:40:00  AM,8.593,,,,
3316,12/25/17 08:50:00  AM,8.568,,,,
3317,12/25/17 09:00:00  AM,8.568,,,,
3318,12/25/17 09:10:00  AM,8.519,,,,
3319,12/25/17 09:20:00  AM,8.519,,,,
3320,12/25/17 09:30:00  AM,8.519,,,,
3321,12/25/17 09:40:00  AM,8.519,,,,
3322,12/25/17 09:50:00  AM,8.568,,,,
3323,12/25/17 10:00:00  AM,8.543,,,,
3324,12/25/17 10:10:00  AM,8.543,,,,
3325,12/25/17 10:20:00  AM,8.568,,,,
3326,12/25/17 10:30:00  AM,8.543,,,,
3327,12/25/17 10:40:00  AM,8.543,,,,
3328,12/25/17 10:50:00  AM,8.543,,,,
3329,12/25/17 11:00:00  AM,8.568,,,,
3330,12/25/17 11:10:00  AM,8.593,,,,
3331,12/25/17 11:20:00  AM,8.593,,,,
3332,12/25/17 11:30:00  AM,8.593,,,,
3333,12/25/17 11:40:00  AM,8.593,,,,
3334,12/25/17 11:50:00  AM,8.593,,,,
3335,12/25/17 12:00:00  PM,8.618,,,,
3336,12/25/17 12:10:00  PM,8.593,,,,
3337,12/25/17 12:20:00  PM,8.618,,,,
3338,12/25/17 12:30:00  PM,8.618,,,,
3339,12/25/17 12:40:00  PM,8.593,,,,
3340,12/25/17 12:50:00  PM,8.593,,,,
3341,12/25/17 01:00:00  PM,8.593,,,,
3342,12/25/17 01:10:00  PM,8.593,,,,
3343,12/25/17 01:20:00  PM,8.593,,,,
3344,12/25/17 01:30:00  PM,8.593,,,,
3345,12/25/17 01:40:00  PM,8.593,,,,
3346,12/25/17 01:50:00  PM,8.593,,,,
3347,12/25/17 02:00:00  PM,8.618,,,,
3348,12/25/17 02:10:00  PM,8.618,,,,
3349,12/25/17 02:20:00  PM,8.618,,,,
3350,12/25/17 02:30:00  PM,8.593,,,,
3351,12/25/17 02:40:00  PM,8.593,,,,
3352,12/25/17 02:50:00  PM,8.618,,,,
3353,12/25/17 03:00:00  PM,8.618,,,,
3354,12/25/17 03:10:00  PM,8.618,,,,
3355,12/25/17 03:20:00  PM,8.618,,,,
3356,12/25/17 03:30:00  PM,8.593,,,,
3357,12/25/17 03:40:00  PM,8.593,,,,
3358,12/25/17 03:50:00  PM,8.593,,,,
3359,12/25/17 04:00:00  PM,8.593,,,,
3360,12/25/17 04:10:00  PM,8.593,,,,
3361,12/25/17 04:20:00  PM,8.618,,,,
3362,12/25/17 04:30:00  PM,8.593,,,,
3363,12/25/17 04:40:00  PM,8.593,,,,
3364,12/25/17 04:50:00  PM,8.593,,,,
3365,12/25/17 05:00:00  PM,8.593,,,,
3366,12/25/17 05:10:00  PM,8.593,,,,
3367,12/25/17 05:20:00  PM,8.593,,,,
3368,12/25/17 05:30:00  PM,8.593,,,,
3369,12/25/17 05:40:00  PM,8.593,,,,
3370,12/25/17 05:50:00  PM,8.593,,,,
3371,12/25/17 06:00:00  PM,8.593,,,,
3372,12/25/17 06:10:00  PM,8.593,,,,
3373,12/25/17 06:20:00  PM,8.593,,,,
3374,12/25/17 06:30:00  PM,8.593,,,,
3375,12/25/17 06:40:00  PM,8.593,,,,
3376,12/25/17 06:50:00  PM,8.593,,,,
3377,12/25/17 07:00:00  PM,8.618,,,,
3378,12/25/17 07:10:00  PM,8.618,,,,
3379,12/25/17 07:20:00  PM,8.618,,,,
3380,12/25/17 07:30:00  PM,8.618,,,,
3381,12/25/17 07:40:00  PM,8.618,,,,
3382,12/25/17 07:50:00  PM,8.618,,,,
3383,12/25/17 08:00:00  PM,8.618,,,,
3384,12/25/17 08:10:00  PM,8.618,,,,
3385,12/25/17 08:20:00  PM,8.618,,,,
3386,12/25/17 08:30:00  PM,8.618,,,,
3387,12/25/17 08:40:00  PM,8.618,,,,
3388,12/25/17 08:50:00  PM,8.618,,,,
3389,12/25/17 09:00:00  PM,8.618,,,,
3390,12/25/17 09:10:00  PM,8.618,,,,
3391,12/25/17 09:20:00  PM,8.618,,,,
3392,12/25/17 09:30:00  PM,8.618,,,,
3393,12/25/17 09:40:00  PM,8.618,,,,
3394,12/25/17 09:50:00  PM,8.618,,,,
3395,12/25/17 10:00:00  PM,8.618,,,,
3396,12/25/17 10:10:00  PM,8.618,,,,
3397,12/25/17 10:20:00  PM,8.618,,,,
3398,12/25/17 10:30:00  PM,8.618,,,,
3399,12/25/17 10:40:00  PM,8.618,,,,
3400,12/25/17 10:50:00  PM,8.618,,,,
3401,12/25/17 11:00:00  PM,8.593,,,,
3402,12/25/17 11:10:00  PM,8.593,,,,
3403,12/25/17 11:20:00  PM,8.618,,,,
3404,12/25/17 11:30:00  PM,8.618,,,,
3405,12/25/17 11:40:00  PM,8.618,,,,
3406,12/25/17 11:50:00  PM,8.618,,,,
3407,12/26/17 12:00:00  AM,8.618,,,,
3408,12/26/17 12:10:00  AM,8.618,,,,
3409,12/26/17 12:20:00  AM,8.618,,,,
3410,12/26/17 12:30:00  AM,8.618,,,,
3411,12/26/17 12:40:00  AM,8.618,,,,
3412,12/26/17 12:50:00  AM,8.618,,,,
3413,12/26/17 01:00:00  AM,8.618,,,,
3414,12/26/17 01:10:00  AM,8.618,,,,
3415,12/26/17 01:20:00  AM,8.618,,,,
3416,12/26/17 01:30:00  AM,8.618,,,,
3417,12/26/17 01:40:00  AM,8.618,,,,
3418,12/26/17 01:50:00  AM,8.618,,,,
3419,12/26/17 02:00:00  AM,8.618,,,,
3420,12/26/17 02:10:00  AM,8.618,,,,
3421,12/26/17 02:20:00  AM,8.618,,,,
3422,12/26/17 02:30:00  AM,8.618,,,,
3423,12/26/17 02:40:00  AM,8.618,,,,
3424,12/26/17 02:50:00  AM,8.618,,,,
3425,12/26/17 03:00:00  AM,8.618,,,,
3426,12/26/17 03:10:00  AM,8.618,,,,
3427,12/26/17 03:20:00  AM,8.618,,,,
3428,12/26/17 03:30:00  AM,8.618,,,,
3429,12/26/17 03:40:00  AM,8.618,,,,
3430,12/26/17 03:50:00  AM,8.618,,,,
3431,12/26/17 04:00:00  AM,8.618,,,,
3432,12/26/17 04:10:00  AM,8.618,,,,
3433,12/26/17 04:20:00  AM,8.618,,,,
3434,12/26/17 04:30:00  AM,8.618,,,,
3435,12/26/17 04:40:00  AM,8.618,,,,
3436,12/26/17 04:50:00  AM,8.618,,,,
3437,12/26/17 05:00:00  AM,8.618,,,,
3438,12/26/17 05:10:00  AM,8.618,,,,
3439,12/26/17 05:20:00  AM,8.618,,,,
3440,12/26/17 05:30:00  AM,8.618,,,,
3441,12/26/17 05:40:00  AM,8.618,,,,
3442,12/26/17 05:50:00  AM,8.618,,,,
3443,12/26/17 06:00:00  AM,8.618,,,,
3444,12/26/17 06:10:00  AM,8.618,,,,
3445,12/26/17 06:20:00  AM,8.618,,,,
3446,12/26/17 06:30:00  AM,8.618,,,,
3447,12/26/17 06:40:00  AM,8.618,,,,
3448,12/26/17 06:50:00  AM,8.618,,,,
3449,12/26/17 07:00:00  AM,8.618,,,,
3450,12/26/17 07:10:00  AM,8.618,,,,
3451,12/26/17 07:20:00  AM,8.618,,,,
3452,12/26/17 07:30:00  AM,8.618,,,,
3453,12/26/17 07:40:00  AM,8.618,,,,
3454,12/26/17 07:50:00  AM,8.618,,,,
3455,12/26/17 08:00:00  AM,8.618,,,,
3456,12/26/17 08:10:00  AM,8.618,,,,
3457,12/26/17 08:20:00  AM,8.618,,,,
3458,12/26/17 08:30:00  AM,8.618,,,,
3459,12/26/17 08:40:00  AM,8.618,,,,
3460,12/26/17 08:50:00  AM,8.618,,,,
3461,12/26/17 09:00:00  AM,8.618,,,,
3462,12/26/17 09:10:00  AM,8.618,,,,
3463,12/26/17 09:20:00  AM,8.618,,,,
3464,12/26/17 09:30:00  AM,8.618,,,,
3465,12/26/17 09:40:00  AM,8.618,,,,
3466,12/26/17 09:50:00  AM,8.618,,,,
3467,12/26/17 10:00:00  AM,8.618,,,,
3468,12/26/17 10:10:00  AM,8.618,,,,
3469,12/26/17 10:20:00  AM,8.618,,,,
3470,12/26/17 10:30:00  AM,8.618,,,,
3471,12/26/17 10:40:00  AM,8.618,,,,
3472,12/26/17 10:50:00  AM,8.618,,,,
3473,12/26/17 11:00:00  AM,8.618,,,,
3474,12/26/17 11:10:00  AM,8.618,,,,
3475,12/26/17 11:20:00  AM,8.618,,,,
3476,12/26/17 11:30:00  AM,8.618,,,,
3477,12/26/17 11:40:00  AM,8.593,,,,
3478,12/26/17 11:50:00  AM,8.593,,,,
3479,12/26/17 12:00:00  PM,8.593,,,,
3480,12/26/17 12:10:00  PM,8.593,,,,
3481,12/26/17 12:20:00  PM,8.593,,,,
3482,12/26/17 12:30:00  PM,8.593,,,,
3483,12/26/17 12:40:00  PM,8.593,,,,
3484,12/26/17 12:50:00  PM,8.618,,,,
3485,12/26/17 01:00:00  PM,8.618,,,,
3486,12/26/17 01:10:00  PM,8.618,,,,
3487,12/26/17 01:20:00  PM,8.618,,,,
3488,12/26/17 01:30:00  PM,8.618,,,,
3489,12/26/17 01:40:00  PM,8.618,,,,
3490,12/26/17 01:50:00  PM,8.618,,,,
3491,12/26/17 02:00:00  PM,8.618,,,,
3492,12/26/17 02:10:00  PM,8.618,,,,
3493,12/26/17 02:20:00  PM,8.618,,,,
3494,12/26/17 02:30:00  PM,8.618,,,,
3495,12/26/17 02:40:00  PM,8.618,,,,
3496,12/26/17 02:50:00  PM,8.618,,,,
3497,12/26/17 03:00:00  PM,8.618,,,,
3498,12/26/17 03:10:00  PM,8.618,,,,
3499,12/26/17 03:20:00  PM,8.618,,,,
3500,12/26/17 03:30:00  PM,8.618,,,,
3501,12/26/17 03:40:00  PM,8.618,,,,
3502,12/26/17 03:50:00  PM,8.618,,,,
3503,12/26/17 04:00:00  PM,8.618,,,,
3504,12/26/17 04:10:00  PM,8.618,,,,
3505,12/26/17 04:20:00  PM,8.618,,,,
3506,12/26/17 04:30:00  PM,8.618,,,,
3507,12/26/17 04:40:00  PM,8.618,,,,
3508,12/26/17 04:50:00  PM,8.618,,,,
3509,12/26/17 05:00:00  PM,8.618,,,,
3510,12/26/17 05:10:00  PM,8.618,,,,
3511,12/26/17 05:20:00  PM,8.618,,,,
3512,12/26/17 05:30:00  PM,8.618,,,,
3513,12/26/17 05:40:00  PM,8.618,,,,
3514,12/26/17 05:50:00  PM,8.618,,,,
3515,12/26/17 06:00:00  PM,8.618,,,,
3516,12/26/17 06:10:00  PM,8.618,,,,
3517,12/26/17 06:20:00  PM,8.618,,,,
3518,12/26/17 06:30:00  PM,8.618,,,,
3519,12/26/17 06:40:00  PM,8.618,,,,
3520,12/26/17 06:50:00  PM,8.618,,,,
3521,12/26/17 07:00:00  PM,8.618,,,,
3522,12/26/17 07:10:00  PM,8.618,,,,
3523,12/26/17 07:20:00  PM,8.618,,,,
3524,12/26/17 07:30:00  PM,8.618,,,,
3525,12/26/17 07:40:00  PM,8.618,,,,
3526,12/26/17 07:50:00  PM,8.618,,,,
3527,12/26/17 08:00:00  PM,8.618,,,,
3528,12/26/17 08:10:00  PM,8.643,,,,
3529,12/26/17 08:20:00  PM,8.643,,,,
3530,12/26/17 08:30:00  PM,8.643,,,,
3531,12/26/17 08:40:00  PM,8.643,,,,
3532,12/26/17 08:50:00  PM,8.643,,,,
3533,12/26/17 09:00:00  PM,8.643,,,,
3534,12/26/17 09:10:00  PM,8.643,,,,
3535,12/26/17 09:20:00  PM,8.643,,,,
3536,12/26/17 09:30:00  PM,8.643,,,,
3537,12/26/17 09:40:00  PM,8.643,,,,
3538,12/26/17 09:50:00  PM,8.643,,,,
3539,12/26/17 10:00:00  PM,8.643,,,,
3540,12/26/17 10:10:00  PM,8.618,,,,
3541,12/26/17 10:20:00  PM,8.618,,,,
3542,12/26/17 10:30:00  PM,8.618,,,,
3543,12/26/17 10:40:00  PM,8.618,,,,
3544,12/26/17 10:50:00  PM,8.618,,,,
3545,12/26/17 11:00:00  PM,8.618,,,,
3546,12/26/17 11:10:00  PM,8.618,,,,
3547,12/26/17 11:20:00  PM,8.593,,,,
3548,12/26/17 11:30:00  PM,8.593,,,,
3549,12/26/17 11:40:00  PM,8.618,,,,
3550,12/26/17 11:50:00  PM,8.618,,,,
3551,12/27/17 12:00:00  AM,8.593,,,,
3552,12/27/17 12:10:00  AM,8.593,,,,
3553,12/27/17 12:20:00  AM,8.593,,,,
3554,12/27/17 12:30:00  AM,8.593,,,,
3555,12/27/17 12:40:00  AM,8.593,,,,
3556,12/27/17 12:50:00  AM,8.593,,,,
3557,12/27/17 01:00:00  AM,8.568,,,,
3558,12/27/17 01:10:00  AM,8.593,,,,
3559,12/27/17 01:20:00  AM,8.593,,,,
3560,12/27/17 01:30:00  AM,8.568,,,,
3561,12/27/17 01:40:00  AM,8.568,,,,
3562,12/27/17 01:50:00  AM,8.568,,,,
3563,12/27/17 02:00:00  AM,8.568,,,,
3564,12/27/17 02:10:00  AM,8.568,,,,
3565,12/27/17 02:20:00  AM,8.568,,,,
3566,12/27/17 02:30:00  AM,8.593,,,,
3567,12/27/17 02:40:00  AM,8.618,,,,
3568,12/27/17 02:50:00  AM,8.593,,,,
3569,12/27/17 03:00:00  AM,8.618,,,,
3570,12/27/17 03:10:00  AM,8.618,,,,
3571,12/27/17 03:20:00  AM,8.618,,,,
3572,12/27/17 03:30:00  AM,8.618,,,,
3573,12/27/17 03:40:00  AM,8.618,,,,
3574,12/27/17 03:50:00  AM,8.618,,,,
3575,12/27/17 04:00:00  AM,8.618,,,,
3576,12/27/17 04:10:00  AM,8.618,,,,
3577,12/27/17 04:20:00  AM,8.618,,,,
3578,12/27/17 04:30:00  AM,8.618,,,,
3579,12/27/17 04:40:00  AM,8.618,,,,
3580,12/27/17 04:50:00  AM,8.618,,,,
3581,12/27/17 05:00:00  AM,8.618,,,,
3582,12/27/17 05:10:00  AM,8.618,,,,
3583,12/27/17 05:20:00  AM,8.618,,,,
3584,12/27/17 05:30:00  AM,8.618,,,,
3585,12/27/17 05:40:00  AM,8.618,,,,
3586,12/27/17 05:50:00  AM,8.618,,,,
3587,12/27/17 06:00:00  AM,8.618,,,,
3588,12/27/17 06:10:00  AM,8.618,,,,
3589,12/27/17 06:20:00  AM,8.618,,,,
3590,12/27/17 06:30:00  AM,8.618,,,,
3591,12/27/17 06:40:00  AM,8.618,,,,
3592,12/27/17 06:50:00  AM,8.618,,,,
3593,12/27/17 07:00:00  AM,8.618,,,,
3594,12/27/17 07:10:00  AM,8.618,,,,
3595,12/27/17 07:20:00  AM,8.618,,,,
3596,12/27/17 07:30:00  AM,8.618,,,,
3597,12/27/17 07:40:00  AM,8.618,,,,
3598,12/27/17 07:50:00  AM,8.618,,,,
3599,12/27/17 08:00:00  AM,8.618,,,,
3600,12/27/17 08:10:00  AM,8.618,,,,
3601,12/27/17 08:20:00  AM,8.618,,,,
3602,12/27/17 08:30:00  AM,8.618,,,,
3603,12/27/17 08:40:00  AM,8.618,,,,
3604,12/27/17 08:50:00  AM,8.618,,,,
3605,12/27/17 09:00:00  AM,8.618,,,,
3606,12/27/17 09:10:00  AM,8.618,,,,
3607,12/27/17 09:20:00  AM,8.618,,,,
3608,12/27/17 09:30:00  AM,8.618,,,,
3609,12/27/17 09:40:00  AM,8.618,,,,
3610,12/27/17 09:50:00  AM,8.618,,,,
3611,12/27/17 10:00:00  AM,8.618,,,,
3612,12/27/17 10:10:00  AM,8.618,,,,
3613,12/27/17 10:20:00  AM,8.618,,,,
3614,12/27/17 10:30:00  AM,8.618,,,,
3615,12/27/17 10:40:00  AM,8.618,,,,
3616,12/27/17 10:50:00  AM,8.618,,,,
3617,12/27/17 11:00:00  AM,8.618,,,,
3618,12/27/17 11:10:00  AM,8.618,,,,
3619,12/27/17 11:20:00  AM,8.618,,,,
3620,12/27/17 11:30:00  AM,8.618,,,,
3621,12/27/17 11:40:00  AM,8.618,,,,
3622,12/27/17 11:50:00  AM,8.618,,,,
3623,12/27/17 12:00:00  PM,8.618,,,,
3624,12/27/17 12:10:00  PM,8.618,,,,
3625,12/27/17 12:20:00  PM,8.618,,,,
3626,12/27/17 12:30:00  PM,8.618,,,,
3627,12/27/17 12:40:00  PM,8.618,,,,
3628,12/27/17 12:50:00  PM,8.618,,,,
3629,12/27/17 01:00:00  PM,8.618,,,,
3630,12/27/17 01:10:00  PM,8.618,,,,
3631,12/27/17 01:20:00  PM,8.618,,,,
3632,12/27/17 01:30:00  PM,8.618,,,,
3633,12/27/17 01:40:00  PM,8.618,,,,
3634,12/27/17 01:50:00  PM,8.618,,,,
3635,12/27/17 02:00:00  PM,8.593,,,,
3636,12/27/17 02:10:00  PM,8.593,,,,
3637,12/27/17 02:20:00  PM,8.618,,,,
3638,12/27/17 02:30:00  PM,8.618,,,,
3639,12/27/17 02:40:00  PM,8.618,,,,
3640,12/27/17 02:50:00  PM,8.618,,,,
3641,12/27/17 03:00:00  PM,8.618,,,,
3642,12/27/17 03:10:00  PM,8.618,,,,
3643,12/27/17 03:20:00  PM,8.618,,,,
3644,12/27/17 03:30:00  PM,8.618,,,,
3645,12/27/17 03:40:00  PM,8.618,,,,
3646,12/27/17 03:50:00  PM,8.618,,,,
3647,12/27/17 04:00:00  PM,8.618,,,,
3648,12/27/17 04:10:00  PM,8.618,,,,
3649,12/27/17 04:20:00  PM,8.618,,,,
3650,12/27/17 04:30:00  PM,8.618,,,,
3651,12/27/17 04:40:00  PM,8.618,,,,
3652,12/27/17 04:50:00  PM,8.618,,,,
3653,12/27/17 05:00:00  PM,8.618,,,,
3654,12/27/17 05:10:00  PM,8.618,,,,
3655,12/27/17 05:20:00  PM,8.618,,,,
3656,12/27/17 05:30:00  PM,8.618,,,,
3657,12/27/17 05:40:00  PM,8.618,,,,
3658,12/27/17 05:50:00  PM,8.618,,,,
3659,12/27/17 06:00:00  PM,8.618,,,,
3660,12/27/17 06:10:00  PM,8.618,,,,
3661,12/27/17 06:20:00  PM,8.618,,,,
3662,12/27/17 06:30:00  PM,8.618,,,,
3663,12/27/17 06:40:00  PM,8.618,,,,
3664,12/27/17 06:50:00  PM,8.618,,,,
3665,12/27/17 07:00:00  PM,8.618,,,,
3666,12/27/17 07:10:00  PM,8.618,,,,
3667,12/27/17 07:20:00  PM,8.618,,,,
3668,12/27/17 07:30:00  PM,8.618,,,,
3669,12/27/17 07:40:00  PM,8.618,,,,
3670,12/27/17 07:50:00  PM,8.618,,,,
3671,12/27/17 08:00:00  PM,8.618,,,,
3672,12/27/17 08:10:00  PM,8.618,,,,
3673,12/27/17 08:20:00  PM,8.618,,,,
3674,12/27/17 08:30:00  PM,8.618,,,,
3675,12/27/17 08:40:00  PM,8.618,,,,
3676,12/27/17 08:50:00  PM,8.643,,,,
3677,12/27/17 09:00:00  PM,8.643,,,,
3678,12/27/17 09:10:00  PM,8.643,,,,
3679,12/27/17 09:20:00  PM,8.643,,,,
3680,12/27/17 09:30:00  PM,8.643,,,,
3681,12/27/17 09:40:00  PM,8.643,,,,
3682,12/27/17 09:50:00  PM,8.618,,,,
3683,12/27/17 10:00:00  PM,8.643,,,,
3684,12/27/17 10:10:00  PM,8.643,,,,
3685,12/27/17 10:20:00  PM,8.643,,,,
3686,12/27/17 10:30:00  PM,8.618,,,,
3687,12/27/17 10:40:00  PM,8.618,,,,
3688,12/27/17 10:50:00  PM,8.643,,,,
3689,12/27/17 11:00:00  PM,8.643,,,,
3690,12/27/17 11:10:00  PM,8.618,,,,
3691,12/27/17 11:20:00  PM,8.643,,,,
3692,12/27/17 11:30:00  PM,8.643,,,,
3693,12/27/17 11:40:00  PM,8.618,,,,
3694,12/27/17 11:50:00  PM,8.618,,,,
3695,12/28/17 12:00:00  AM,8.618,,,,
3696,12/28/17 12:10:00  AM,8.618,,,,
3697,12/28/17 12:20:00  AM,8.618,,,,
3698,12/28/17 12:30:00  AM,8.568,,,,
3699,12/28/17 12:40:00  AM,8.593,,,,
3700,12/28/17 12:50:00  AM,8.618,,,,
3701,12/28/17 01:00:00  AM,8.618,,,,
3702,12/28/17 01:10:00  AM,8.593,,,,
3703,12/28/17 01:20:00  AM,8.593,,,,
3704,12/28/17 01:30:00  AM,8.593,,,,
3705,12/28/17 01:40:00  AM,8.593,,,,
3706,12/28/17 01:50:00  AM,8.593,,,,
3707,12/28/17 02:00:00  AM,8.593,,,,
3708,12/28/17 02:10:00  AM,8.618,,,,
3709,12/28/17 02:20:00  AM,8.593,,,,
3710,12/28/17 02:30:00  AM,8.618,,,,
3711,12/28/17 02:40:00  AM,8.618,,,,
3712,12/28/17 02:50:00  AM,8.618,,,,
3713,12/28/17 03:00:00  AM,8.618,,,,
3714,12/28/17 03:10:00  AM,8.618,,,,
3715,12/28/17 03:20:00  AM,8.618,,,,
3716,12/28/17 03:30:00  AM,8.618,,,,
3717,12/28/17 03:40:00  AM,8.618,,,,
3718,12/28/17 03:50:00  AM,8.618,,,,
3719,12/28/17 04:00:00  AM,8.618,,,,
3720,12/28/17 04:10:00  AM,8.618,,,,
3721,12/28/17 04:20:00  AM,8.618,,,,
3722,12/28/17 04:30:00  AM,8.618,,,,
3723,12/28/17 04:40:00  AM,8.618,,,,
3724,12/28/17 04:50:00  AM,8.618,,,,
3725,12/28/17 05:00:00  AM,8.618,,,,
3726,12/28/17 05:10:00  AM,8.618,,,,
3727,12/28/17 05:20:00  AM,8.618,,,,
3728,12/28/17 05:30:00  AM,8.618,,,,
3729,12/28/17 05:40:00  AM,8.618,,,,
3730,12/28/17 05:50:00  AM,8.618,,,,
3731,12/28/17 06:00:00  AM,8.618,,,,
3732,12/28/17 06:10:00  AM,8.618,,,,
3733,12/28/17 06:20:00  AM,8.618,,,,
3734,12/28/17 06:30:00  AM,8.593,,,,
3735,12/28/17 06:40:00  AM,8.593,,,,
3736,12/28/17 06:50:00  AM,8.593,,,,
3737,12/28/17 07:00:00  AM,8.593,,,,
3738,12/28/17 07:10:00  AM,8.618,,,,
3739,12/28/17 07:20:00  AM,8.618,,,,
3740,12/28/17 07:30:00  AM,8.618,,,,
3741,12/28/17 07:40:00  AM,8.618,,,,
3742,12/28/17 07:50:00  AM,8.618,,,,
3743,12/28/17 08:00:00  AM,8.618,,,,
3744,12/28/17 08:10:00  AM,8.618,,,,
3745,12/28/17 08:20:00  AM,8.643,,,,
3746,12/28/17 08:30:00  AM,8.643,,,,
3747,12/28/17 08:40:00  AM,8.643,,,,
3748,12/28/17 08:50:00  AM,8.643,,,,
3749,12/28/17 09:00:00  AM,8.643,,,,
3750,12/28/17 09:10:00  AM,8.643,,,,
3751,12/28/17 09:20:00  AM,8.643,,,,
3752,12/28/17 09:30:00  AM,8.643,,,,
3753,12/28/17 09:40:00  AM,8.643,,,,
3754,12/28/17 09:50:00  AM,8.643,,,,
3755,12/28/17 10:00:00  AM,8.643,,,,
3756,12/28/17 10:10:00  AM,8.618,,,,
3757,12/28/17 10:20:00  AM,8.643,,,,
3758,12/28/17 10:30:00  AM,8.618,,,,
3759,12/28/17 10:40:00  AM,8.618,,,,
3760,12/28/17 10:50:00  AM,8.643,,,,
3761,12/28/17 11:00:00  AM,8.643,,,,
3762,12/28/17 11:10:00  AM,8.643,,,,
3763,12/28/17 11:20:00  AM,8.618,,,,
3764,12/28/17 11:30:00  AM,8.618,,,,
3765,12/28/17 11:40:00  AM,8.618,,,,
3766,12/28/17 11:50:00  AM,8.618,,,,
3767,12/28/17 12:00:00  PM,8.618,,,,
3768,12/28/17 12:10:00  PM,8.643,,,,
3769,12/28/17 12:20:00  PM,8.643,,,,
3770,12/28/17 12:30:00  PM,8.618,,,,
3771,12/28/17 12:40:00  PM,8.618,,,,
3772,12/28/17 12:50:00  PM,8.618,,,,
3773,12/28/17 01:00:00  PM,8.618,,,,
3774,12/28/17 01:10:00  PM,8.618,,,,
3775,12/28/17 01:20:00  PM,8.618,,,,
3776,12/28/17 01:30:00  PM,8.618,,,,
3777,12/28/17 01:40:00  PM,8.618,,,,
3778,12/28/17 01:50:00  PM,8.618,,,,
3779,12/28/17 02:00:00  PM,8.618,,,,
3780,12/28/17 02:10:00  PM,8.618,,,,
3781,12/28/17 02:20:00  PM,8.618,,,,
3782,12/28/17 02:30:00  PM,8.618,,,,
3783,12/28/17 02:40:00  PM,8.618,,,,
3784,12/28/17 02:50:00  PM,8.618,,,,
3785,12/28/17 03:00:00  PM,8.618,,,,
3786,12/28/17 03:10:00  PM,8.618,,,,
3787,12/28/17 03:20:00  PM,8.618,,,,
3788,12/28/17 03:30:00  PM,8.618,,,,
3789,12/28/17 03:40:00  PM,8.643,,,,
3790,12/28/17 03:50:00  PM,8.643,,,,
3791,12/28/17 04:00:00  PM,8.618,,,,
3792,12/28/17 04:10:00  PM,8.618,,,,
3793,12/28/17 04:20:00  PM,8.618,,,,
3794,12/28/17 04:30:00  PM,8.618,,,,
3795,12/28/17 04:40:00  PM,8.643,,,,
3796,12/28/17 04:50:00  PM,8.618,,,,
3797,12/28/17 05:00:00  PM,8.618,,,,
3798,12/28/17 05:10:00  PM,8.618,,,,
3799,12/28/17 05:20:00  PM,8.643,,,,
3800,12/28/17 05:30:00  PM,8.643,,,,
3801,12/28/17 05:40:00  PM,8.618,,,,
3802,12/28/17 05:50:00  PM,8.618,,,,
3803,12/28/17 06:00:00  PM,8.643,,,,
3804,12/28/17 06:10:00  PM,8.643,,,,
3805,12/28/17 06:20:00  PM,8.643,,,,
3806,12/28/17 06:30:00  PM,8.618,,,,
3807,12/28/17 06:40:00  PM,8.643,,,,
3808,12/28/17 06:50:00  PM,8.643,,,,
3809,12/28/17 07:00:00  PM,8.643,,,,
3810,12/28/17 07:10:00  PM,8.618,,,,
3811,12/28/17 07:20:00  PM,8.618,,,,
3812,12/28/17 07:30:00  PM,8.618,,,,
3813,12/28/17 07:40:00  PM,8.618,,,,
3814,12/28/17 07:50:00  PM,8.618,,,,
3815,12/28/17 08:00:00  PM,8.618,,,,
3816,12/28/17 08:10:00  PM,8.618,,,,
3817,12/28/17 08:20:00  PM,8.618,,,,
3818,12/28/17 08:30:00  PM,8.618,,,,
3819,12/28/17 08:40:00  PM,8.618,,,,
3820,12/28/17 08:50:00  PM,8.618,,,,
3821,12/28/17 09:00:00  PM,8.643,,,,
3822,12/28/17 09:10:00  PM,8.618,,,,
3823,12/28/17 09:20:00  PM,8.618,,,,
3824,12/28/17 09:30:00  PM,8.618,,,,
3825,12/28/17 09:40:00  PM,8.618,,,,
3826,12/28/17 09:50:00  PM,8.643,,,,
3827,12/28/17 10:00:00  PM,8.618,,,,
3828,12/28/17 10:10:00  PM,8.618,,,,
3829,12/28/17 10:20:00  PM,8.618,,,,
3830,12/28/17 10:30:00  PM,8.618,,,,
3831,12/28/17 10:40:00  PM,8.618,,,,
3832,12/28/17 10:50:00  PM,8.618,,,,
3833,12/28/17 11:00:00  PM,8.643,,,,
3834,12/28/17 11:10:00  PM,8.618,,,,
3835,12/28/17 11:20:00  PM,8.618,,,,
3836,12/28/17 11:30:00  PM,8.618,,,,
3837,12/28/17 11:40:00  PM,8.568,,,,
3838,12/28/17 11:50:00  PM,8.543,,,,
3839,12/29/17 12:00:00  AM,8.543,,,,
3840,12/29/17 12:10:00  AM,8.543,,,,
3841,12/29/17 12:20:00  AM,8.543,,,,
3842,12/29/17 12:30:00  AM,8.593,,,,
3843,12/29/17 12:40:00  AM,8.593,,,,
3844,12/29/17 12:50:00  AM,8.593,,,,
3845,12/29/17 01:00:00  AM,8.568,,,,
3846,12/29/17 01:10:00  AM,8.494,,,,
3847,12/29/17 01:20:00  AM,8.494,,,,
3848,12/29/17 01:30:00  AM,8.419,,,,
3849,12/29/17 01:40:00  AM,8.369,,,,
3850,12/29/17 01:50:00  AM,8.295,,,,
3851,12/29/17 02:00:00  AM,8.344,,,,
3852,12/29/17 02:10:00  AM,8.319,,,,
3853,12/29/17 02:20:00  AM,8.170,,,,
3854,12/29/17 02:30:00  AM,8.245,,,,
3855,12/29/17 02:40:00  AM,8.444,,,,
3856,12/29/17 02:50:00  AM,8.469,,,,
3857,12/29/17 03:00:00  AM,8.469,,,,
3858,12/29/17 03:10:00  AM,8.494,,,,
3859,12/29/17 03:20:00  AM,8.494,,,,
3860,12/29/17 03:30:00  AM,8.494,,,,
3861,12/29/17 03:40:00  AM,8.469,,,,
3862,12/29/17 03:50:00  AM,8.469,,,,
3863,12/29/17 04:00:00  AM,8.469,,,,
3864,12/29/17 04:10:00  AM,8.444,,,,
3865,12/29/17 04:20:00  AM,8.419,,,,
3866,12/29/17 04:30:00  AM,8.419,,,,
3867,12/29/17 04:40:00  AM,8.369,,,,
3868,12/29/17 04:50:00  AM,8.220,,,,
3869,12/29/17 05:00:00  AM,8.220,,,,
3870,12/29/17 05:10:00  AM,8.120,,,,
3871,12/29/17 05:20:00  AM,8.170,,,,
3872,12/29/17 05:30:00  AM,8.170,,,,
3873,12/29/17 05:40:00  AM,8.295,,,,
3874,12/29/17 05:50:00  AM,8.419,,,,
3875,12/29/17 06:00:00  AM,8.444,,,,
3876,12/29/17 06:10:00  AM,8.519,,,,
3877,12/29/17 06:20:00  AM,8.444,,,,
3878,12/29/17 06:30:00  AM,8.494,,,,
3879,12/29/17 06:40:00  AM,8.494,,,,
3880,12/29/17 06:50:00  AM,8.519,,,,
3881,12/29/17 07:00:00  AM,8.519,,,,
3882,12/29/17 07:10:00  AM,8.543,,,,
3883,12/29/17 07:20:00  AM,8.568,,,,
3884,12/29/17 07:30:00  AM,8.618,,,,
3885,12/29/17 07:40:00  AM,8.618,,,,
3886,12/29/17 07:50:00  AM,8.618,,,,
3887,12/29/17 08:00:00  AM,8.618,,,,
3888,12/29/17 08:10:00  AM,8.618,,,,
3889,12/29/17 08:20:00  AM,8.618,,,,
3890,12/29/17 08:30:00  AM,8.618,,,,
3891,12/29/17 08:40:00  AM,8.618,,,,
3892,12/29/17 08:50:00  AM,8.618,,,,
3893,12/29/17 09:00:00  AM,8.618,,,,
3894,12/29/17 09:10:00  AM,8.618,,,,
3895,12/29/17 09:20:00  AM,8.618,,,,
3896,12/29/17 09:30:00  AM,8.618,,,,
3897,12/29/17 09:40:00  AM,8.618,,,,
3898,12/29/17 09:50:00  AM,8.618,,,,
3899,12/29/17 10:00:00  AM,8.618,,,,
3900,12/29/17 10:10:00  AM,8.618,,,,
3901,12/29/17 10:20:00  AM,8.618,,,,
3902,12/29/17 10:30:00  AM,8.618,,,,
3903,12/29/17 10:40:00  AM,8.593,,,,
3904,12/29/17 10:50:00  AM,8.593,,,,
3905,12/29/17 11:00:00  AM,8.593,,,,
3906,12/29/17 11:10:00  AM,8.593,,,,
3907,12/29/17 11:20:00  AM,8.593,,,,
3908,12/29/17 11:30:00  AM,8.593,,,,
3909,12/29/17 11:40:00  AM,8.593,,,,
3910,12/29/17 11:50:00  AM,8.568,,,,
3911,12/29/17 12:00:00  PM,8.568,,,,
3912,12/29/17 12:10:00  PM,8.568,,,,
3913,12/29/17 12:20:00  PM,8.568,,,,
3914,12/29/17 12:30:00  PM,8.568,,,,
3915,12/29/17 12:40:00  PM,8.568,,,,
3916,12/29/17 12:50:00  PM,8.568,,,,
3917,12/29/17 01:00:00  PM,8.519,,,,
3918,12/29/17 01:10:00  PM,8.519,,,,
3919,12/29/17 01:20:00  PM,8.519,,,,
3920,12/29/17 01:30:00  PM,8.519,,,,
3921,12/29/17 01:40:00  PM,8.543,,,,
3922,12/29/17 01:50:00  PM,8.519,,,,
3923,12/29/17 02:00:00  PM,8.519,,,,
3924,12/29/17 02:10:00  PM,8.469,,,,
3925,12/29/17 02:20:00  PM,8.469,,,,
3926,12/29/17 02:30:00  PM,8.494,,,,
3927,12/29/17 02:40:00  PM,8.494,,,,
3928,12/29/17 02:50:00  PM,8.494,,,,
3929,12/29/17 03:00:00  PM,8.494,,,,
3930,12/29/17 03:10:00  PM,8.494,,,,
3931,12/29/17 03:20:00  PM,8.519,,,,
3932,12/29/17 03:30:00  PM,8.494,,,,
3933,12/29/17 03:40:00  PM,8.494,,,,
3934,12/29/17 03:50:00  PM,8.444,,,,
3935,12/29/17 04:00:00  PM,8.369,,,,
3936,12/29/17 04:10:00  PM,8.394,,,,
3937,12/29/17 04:20:00  PM,8.394,,,,
3938,12/29/17 04:30:00  PM,8.369,,,,
3939,12/29/17 04:40:00  PM,8.394,,,,
3940,12/29/17 04:50:00  PM,8.369,,,,
3941,12/29/17 05:00:00  PM,8.394,,,,
3942,12/29/17 05:10:00  PM,8.419,,,,
3943,12/29/17 05:20:00  PM,8.369,,,,
3944,12/29/17 05:30:00  PM,8.369,,,,
3945,12/29/17 05:40:00  PM,8.394,,,,
3946,12/29/17 05:50:00  PM,8.419,,,,
3947,12/29/17 06:00:00  PM,8.419,,,,
3948,12/29/17 06:10:00  PM,8.419,,,,
3949,12/29/17 06:20:00  PM,8.469,,,,
3950,12/29/17 06:30:00  PM,8.543,,,,
3951,12/29/17 06:40:00  PM,8.543,,,,
3952,12/29/17 06:50:00  PM,8.568,,,,
3953,12/29/17 07:00:00  PM,8.568,,,,
3954,12/29/17 07:10:00  PM,8.568,,,,
3955,12/29/17 07:20:00  PM,8.568,,,,
3956,12/29/17 07:30:00  PM,8.568,,,,
3957,12/29/17 07:40:00  PM,8.568,,,,
3958,12/29/17 07:50:00  PM,8.568,,,,
3959,12/29/17 08:00:00  PM,8.568,,,,
3960,12/29/17 08:10:00  PM,8.568,,,,
3961,12/29/17 08:20:00  PM,8.568,,,,
3962,12/29/17 08:30:00  PM,8.568,,,,
3963,12/29/17 08:40:00  PM,8.568,,,,
3964,12/29/17 08:50:00  PM,8.593,,,,
3965,12/29/17 09:00:00  PM,8.568,,,,
3966,12/29/17 09:10:00  PM,8.568,,,,
3967,12/29/17 09:20:00  PM,8.568,,,,
3968,12/29/17 09:30:00  PM,8.568,,,,
3969,12/29/17 09:40:00  PM,8.543,,,,
3970,12/29/17 09:50:00  PM,8.519,,,,
3971,12/29/17 10:00:00  PM,8.519,,,,
3972,12/29/17 10:10:00  PM,8.469,,,,
3973,12/29/17 10:20:00  PM,8.469,,,,
3974,12/29/17 10:30:00  PM,8.469,,,,
3975,12/29/17 10:40:00  PM,8.469,,,,
3976,12/29/17 10:50:00  PM,8.494,,,,
3977,12/29/17 11:00:00  PM,8.519,,,,
3978,12/29/17 11:10:00  PM,8.543,,,,
3979,12/29/17 11:20:00  PM,8.519,,,,
3980,12/29/17 11:30:00  PM,8.519,,,,
3981,12/29/17 11:40:00  PM,8.519,,,,
3982,12/29/17 11:50:00  PM,8.519,,,,
3983,12/30/17 12:00:00  AM,8.494,,,,
3984,12/30/17 12:10:00  AM,8.543,,,,
3985,12/30/17 12:20:00  AM,8.543,,,,
3986,12/30/17 12:30:00  AM,8.543,,,,
3987,12/30/17 12:40:00  AM,8.519,,,,
3988,12/30/17 12:50:00  AM,8.519,,,,
3989,12/30/17 01:00:00  AM,8.519,,,,
3990,12/30/17 01:10:00  AM,8.519,,,,
3991,12/30/17 01:20:00  AM,8.519,,,,
3992,12/30/17 01:30:00  AM,8.543,,,,
3993,12/30/17 01:40:00  AM,8.519,,,,
3994,12/30/17 01:50:00  AM,8.469,,,,
3995,12/30/17 02:00:00  AM,8.419,,,,
3996,12/30/17 02:10:00  AM,8.469,,,,
3997,12/30/17 02:20:00  AM,8.469,,,,
3998,12/30/17 02:30:00  AM,8.494,,,,
3999,12/30/17 02:40:00  AM,8.394,,,,
4000,12/30/17 02:50:00  AM,7.970,,,,
4001,12/30/17 03:00:00  AM,7.870,,,,
4002,12/30/17 03:10:00  AM,7.845,,,,
4003,12/30/17 03:20:00  AM,7.795,,,,
4004,12/30/17 03:30:00  AM,7.795,,,,
4005,12/30/17 03:40:00  AM,7.770,,,,
4006,12/30/17 03:50:00  AM,7.795,,,,
4007,12/30/17 04:00:00  AM,7.745,,,,
4008,12/30/17 04:10:00  AM,7.720,,,,
4009,12/30/17 04:20:00  AM,7.695,,,,
4010,12/30/17 04:30:00  AM,7.670,,,,
4011,12/30/17 04:40:00  AM,7.645,,,,
4012,12/30/17 04:50:00  AM,7.670,,,,
4013,12/30/17 05:00:00  AM,7.670,,,,
4014,12/30/17 05:10:00  AM,7.820,,,,
4015,12/30/17 05:20:00  AM,7.795,,,,
4016,12/30/17 05:30:00  AM,7.745,,,,
4017,12/30/17 05:40:00  AM,7.720,,,,
4018,12/30/17 05:50:00  AM,7.720,,,,
4019,12/30/17 06:00:00  AM,7.745,,,,
4020,12/30/17 06:10:00  AM,7.795,,,,
4021,12/30/17 06:20:00  AM,7.795,,,,
4022,12/30/17 06:30:00  AM,7.770,,,,
4023,12/30/17 06:40:00  AM,7.795,,,,
4024,12/30/17 06:50:00  AM,7.820,,,,
4025,12/30/17 07:00:00  AM,7.995,,,,
4026,12/30/17 07:10:00  AM,8.120,,,,
4027,12/30/17 07:20:00  AM,8.170,,,,
4028,12/30/17 07:30:00  AM,8.170,,,,
4029,12/30/17 07:40:00  AM,8.295,,,,
4030,12/30/17 07:50:00  AM,8.220,,,,
4031,12/30/17 08:00:00  AM,8.469,,,,
4032,12/30/17 08:10:00  AM,8.444,,,,
4033,12/30/17 08:20:00  AM,8.494,,,,
4034,12/30/17 08:30:00  AM,8.543,,,,
4035,12/30/17 08:40:00  AM,8.494,,,,
4036,12/30/17 08:50:00  AM,8.494,,,,
4037,12/30/17 09:00:00  AM,8.543,,,,
4038,12/30/17 09:10:00  AM,8.568,,,,
4039,12/30/17 09:20:00  AM,8.568,,,,
4040,12/30/17 09:30:00  AM,8.593,,,,
4041,12/30/17 09:40:00  AM,8.593,,,,
4042,12/30/17 09:50:00  AM,8.593,,,,
4043,12/30/17 10:00:00  AM,8.593,,,,
4044,12/30/17 10:10:00  AM,8.593,,,,
4045,12/30/17 10:20:00  AM,8.568,,,,
4046,12/30/17 10:30:00  AM,8.568,,,,
4047,12/30/17 10:40:00  AM,8.568,,,,
4048,12/30/17 10:50:00  AM,8.568,,,,
4049,12/30/17 11:00:00  AM,8.568,,,,
4050,12/30/17 11:10:00  AM,8.593,,,,
4051,12/30/17 11:20:00  AM,8.593,,,,
4052,12/30/17 11:30:00  AM,8.593,,,,
4053,12/30/17 11:40:00  AM,8.593,,,,
4054,12/30/17 11:50:00  AM,8.593,,,,
4055,12/30/17 12:00:00  PM,8.593,,,,
4056,12/30/17 12:10:00  PM,8.593,,,,
4057,12/30/17 12:20:00  PM,8.593,,,,
4058,12/30/17 12:30:00  PM,8.593,,,,
4059,12/30/17 12:40:00  PM,8.593,,,,
4060,12/30/17 12:50:00  PM,8.593,,,,
4061,12/30/17 01:00:00  PM,8.618,,,,
4062,12/30/17 01:10:00  PM,8.618,,,,
4063,12/30/17 01:20:00  PM,8.618,,,,
4064,12/30/17 01:30:00  PM,8.618,,,,
4065,12/30/17 01:40:00  PM,8.618,,,,
4066,12/30/17 01:50:00  PM,8.618,,,,
4067,12/30/17 02:00:00  PM,8.618,,,,
4068,12/30/17 02:10:00  PM,8.618,,,,
4069,12/30/17 02:20:00  PM,8.618,,,,
4070,12/30/17 02:30:00  PM,8.618,,,,
4071,12/30/17 02:40:00  PM,8.618,,,,
4072,12/30/17 02:50:00  PM,8.618,,,,
4073,12/30/17 03:00:00  PM,8.618,,,,
4074,12/30/17 03:10:00  PM,8.593,,,,
4075,12/30/17 03:20:00  PM,8.593,,,,
4076,12/30/17 03:30:00  PM,8.593,,,,
4077,12/30/17 03:40:00  PM,8.618,,,,
4078,12/30/17 03:50:00  PM,8.593,,,,
4079,12/30/17 04:00:00  PM,8.593,,,,
4080,12/30/17 04:10:00  PM,8.593,,,,
4081,12/30/17 04:20:00  PM,8.593,,,,
4082,12/30/17 04:30:00  PM,8.494,,,,
4083,12/30/17 04:40:00  PM,8.469,,,,
4084,12/30/17 04:50:00  PM,8.469,,,,
4085,12/30/17 05:00:00  PM,8.344,,,,
4086,12/30/17 05:10:00  PM,8.270,,,,
4087,12/30/17 05:20:00  PM,8.245,,,,
4088,12/30/17 05:30:00  PM,8.295,,,,
4089,12/30/17 05:40:00  PM,8.369,,,,
4090,12/30/17 05:50:00  PM,8.419,,,,
4091,12/30/17 06:00:00  PM,8.469,,,,
4092,12/30/17 06:10:00  PM,8.469,,,,
4093,12/30/17 06:20:00  PM,8.469,,,,
4094,12/30/17 06:30:00  PM,8.444,,,,
4095,12/30/17 06:40:00  PM,8.469,,,,
4096,12/30/17 06:50:00  PM,8.469,,,,
4097,12/30/17 07:00:00  PM,8.494,,,,
4098,12/30/17 07:10:00  PM,8.519,,,,
4099,12/30/17 07:20:00  PM,8.519,,,,
4100,12/30/17 07:30:00  PM,8.469,,,,
4101,12/30/17 07:40:00  PM,8.494,,,,
4102,12/30/17 07:50:00  PM,8.494,,,,
4103,12/30/17 08:00:00  PM,8.519,,,,
4104,12/30/17 08:10:00  PM,8.519,,,,
4105,12/30/17 08:20:00  PM,8.519,,,,
4106,12/30/17 08:30:00  PM,8.568,,,,
4107,12/30/17 08:40:00  PM,8.593,,,,
4108,12/30/17 08:50:00  PM,8.568,,,,
4109,12/30/17 09:00:00  PM,8.568,,,,
4110,12/30/17 09:10:00  PM,8.543,,,,
4111,12/30/17 09:20:00  PM,8.543,,,,
4112,12/30/17 09:30:00  PM,8.519,,,,
4113,12/30/17 09:40:00  PM,8.519,,,,
4114,12/30/17 09:50:00  PM,8.593,,,,
4115,12/30/17 10:00:00  PM,8.543,,,,
4116,12/30/17 10:10:00  PM,8.543,,,,
4117,12/30/17 10:20:00  PM,8.543,,,,
4118,12/30/17 10:30:00  PM,8.568,,,,
4119,12/30/17 10:40:00  PM,8.568,,,,
4120,12/30/17 10:50:00  PM,8.568,,,,
4121,12/30/17 11:00:00  PM,8.593,,,,
4122,12/30/17 11:10:00  PM,8.568,,,,
4123,12/30/17 11:20:00  PM,8.568,,,,
4124,12/30/17 11:30:00  PM,8.543,,,,
4125,12/30/17 11:40:00  PM,8.568,,,,
4126,12/30/17 11:50:00  PM,8.593,,,,
4127,12/31/17 12:00:00  AM,8.568,,,,
4128,12/31/17 12:10:00  AM,8.593,,,,
4129,12/31/17 12:20:00  AM,8.593,,,,
4130,12/31/17 12:30:00  AM,8.593,,,,
4131,12/31/17 12:40:00  AM,8.593,,,,
4132,12/31/17 12:50:00  AM,8.593,,,,
4133,12/31/17 01:00:00  AM,8.593,,,,
4134,12/31/17 01:10:00  AM,8.593,,,,
4135,12/31/17 01:20:00  AM,8.593,,,,
4136,12/31/17 01:30:00  AM,8.593,,,,
4137,12/31/17 01:40:00  AM,8.593,,,,
4138,12/31/17 01:50:00  AM,8.593,,,,
4139,12/31/17 02:00:00  AM,8.593,,,,
4140,12/31/17 02:10:00  AM,8.618,,,,
4141,12/31/17 02:20:00  AM,8.618,,,,
4142,12/31/17 02:30:00  AM,8.618,,,,
4143,12/31/17 02:40:00  AM,8.618,,,,
4144,12/31/17 02:50:00  AM,8.618,,,,
4145,12/31/17 03:00:00  AM,8.618,,,,
4146,12/31/17 03:10:00  AM,8.618,,,,
4147,12/31/17 03:20:00  AM,8.618,,,,
4148,12/31/17 03:30:00  AM,8.593,,,,
4149,12/31/17 03:40:00  AM,8.593,,,,
4150,12/31/17 03:50:00  AM,8.568,,,,
4151,12/31/17 04:00:00  AM,8.568,,,,
4152,12/31/17 04:10:00  AM,8.568,,,,
4153,12/31/17 04:20:00  AM,8.543,,,,
4154,12/31/17 04:30:00  AM,8.519,,,,
4155,12/31/17 04:40:00  AM,8.469,,,,
4156,12/31/17 04:50:00  AM,8.369,,,,
4157,12/31/17 05:00:00  AM,8.220,,,,
4158,12/31/17 05:10:00  AM,7.945,,,,
4159,12/31/17 05:20:00  AM,7.970,,,,
4160,12/31/17 05:30:00  AM,7.845,,,,
4161,12/31/17 05:40:00  AM,7.745,,,,
4162,12/31/17 05:50:00  AM,7.670,,,,
4163,12/31/17 06:00:00  AM,7.645,,,,
4164,12/31/17 06:10:00  AM,7.619,,,,
4165,12/31/17 06:20:00  AM,7.569,,,,
4166,12/31/17 06:30:00  AM,7.519,,,,
4167,12/31/17 06:40:00  AM,7.494,,,,
4168,12/31/17 06:50:00  AM,7.519,,,,
4169,12/31/17 07:00:00  AM,7.444,,,,
4170,12/31/17 07:10:00  AM,7.469,,,,
4171,12/31/17 07:20:00  AM,7.594,,,,
4172,12/31/17 07:30:00  AM,7.720,,,,
4173,12/31/17 07:40:00  AM,7.695,,,,
4174,12/31/17 07:50:00  AM,7.795,,,,
4175,12/31/17 08:00:00  AM,7.845,,,,
4176,12/31/17 08:10:00  AM,7.895,,,,
4177,12/31/17 08:20:00  AM,7.845,,,,
4178,12/31/17 08:30:00  AM,7.995,,,,
4179,12/31/17 08:40:00  AM,7.970,,,,
4180,12/31/17 08:50:00  AM,7.995,,,,
4181,12/31/17 09:00:00  AM,8.095,,,,
4182,12/31/17 09:10:00  AM,8.195,,,,
4183,12/31/17 09:20:00  AM,8.220,,,,
4184,12/31/17 09:30:00  AM,8.295,,,,
4185,12/31/17 09:40:00  AM,8.295,,,,
4186,12/31/17 09:50:00  AM,8.369,,,,
4187,12/31/17 10:00:00  AM,8.344,,,,
4188,12/31/17 10:10:00  AM,8.344,,,,
4189,12/31/17 10:20:00  AM,8.295,,,,
4190,12/31/17 10:30:00  AM,8.344,,,,
4191,12/31/17 10:40:00  AM,8.519,,,,
4192,12/31/17 10:50:00  AM,8.519,,,,
4193,12/31/17 11:00:00  AM,8.519,,,,
4194,12/31/17 11:10:00  AM,8.568,,,,
4195,12/31/17 11:20:00  AM,8.568,,,,
4196,12/31/17 11:30:00  AM,8.593,,,,
4197,12/31/17 11:40:00  AM,8.593,,,,
4198,12/31/17 11:50:00  AM,8.593,,,,
4199,12/31/17 12:00:00  PM,8.593,,,,
4200,12/31/17 12:10:00  PM,8.593,,,,
4201,12/31/17 12:20:00  PM,8.593,,,,
4202,12/31/17 12:30:00  PM,8.593,,,,
4203,12/31/17 12:40:00  PM,8.593,,,,
4204,12/31/17 12:50:00  PM,8.593,,,,
4205,12/31/17 01:00:00  PM,8.593,,,,
4206,12/31/17 01:10:00  PM,8.593,,,,
4207,12/31/17 01:20:00  PM,8.593,,,,
4208,12/31/17 01:30:00  PM,8.593,,,,
4209,12/31/17 01:40:00  PM,8.593,,,,
4210,12/31/17 01:50:00  PM,8.593,,,,
4211,12/31/17 02:00:00  PM,8.593,,,,
4212,12/31/17 02:10:00  PM,8.593,,,,
4213,12/31/17 02:20:00  PM,8.593,,,,
4214,12/31/17 02:30:00  PM,8.593,,,,
4215,12/31/17 02:40:00  PM,8.593,,,,
4216,12/31/17 02:50:00  PM,8.593,,,,
4217,12/31/17 03:00:00  PM,8.593,,,,
4218,12/31/17 03:10:00  PM,8.593,,,,
4219,12/31/17 03:20:00  PM,8.618,,,,
4220,12/31/17 03:30:00  PM,8.618,,,,
4221,12/31/17 03:40:00  PM,8.618,,,,
4222,12/31/17 03:50:00  PM,8.618,,,,
4223,12/31/17 04:00:00  PM,8.618,,,,
4224,12/31/17 04:10:00  PM,8.618,,,,
4225,12/31/17 04:20:00  PM,8.618,,,,
4226,12/31/17 04:30:00  PM,8.618,,,,
4227,12/31/17 04:40:00  PM,8.618,,,,
4228,12/31/17 04:50:00  PM,8.618,,,,
4229,12/31/17 05:00:00  PM,8.618,,,,
4230,12/31/17 05:10:00  PM,8.618,,,,
4231,12/31/17 05:20:00  PM,8.618,,,,
4232,12/31/17 05:30:00  PM,8.519,,,,
4233,12/31/17 05:40:00  PM,8.494,,,,
4234,12/31/17 05:50:00  PM,8.419,,,,
4235,12/31/17 06:00:00  PM,8.319,,,,
4236,12/31/17 06:10:00  PM,8.469,,,,
4237,12/31/17 06:20:00  PM,8.469,,,,
4238,12/31/17 06:30:00  PM,8.469,,,,
4239,12/31/17 06:40:00  PM,8.394,,,,
4240,12/31/17 06:50:00  PM,8.220,,,,
4241,12/31/17 07:00:00  PM,8.295,,,,
4242,12/31/17 07:10:00  PM,8.120,,,,
4243,12/31/17 07:20:00  PM,8.020,,,,
4244,12/31/17 07:30:00  PM,8.220,,,,
4245,12/31/17 07:40:00  PM,8.120,,,,
4246,12/31/17 07:50:00  PM,8.020,,,,
4247,12/31/17 08:00:00  PM,8.195,,,,
4248,12/31/17 08:10:00  PM,8.020,,,,
4249,12/31/17 08:20:00  PM,8.045,,,,
4250,12/31/17 08:30:00  PM,8.120,,,,
4251,12/31/17 08:40:00  PM,8.270,,,,
4252,12/31/17 08:50:00  PM,8.220,,,,
4253,12/31/17 09:00:00  PM,8.220,,,,
4254,12/31/17 09:10:00  PM,8.245,,,,
4255,12/31/17 09:20:00  PM,8.245,,,,
4256,12/31/17 09:30:00  PM,8.344,,,,
4257,12/31/17 09:40:00  PM,8.369,,,,
4258,12/31/17 09:50:00  PM,8.369,,,,
4259,12/31/17 10:00:00  PM,8.394,,,,
4260,12/31/17 10:10:00  PM,8.419,,,,
4261,12/31/17 10:20:00  PM,8.394,,,,
4262,12/31/17 10:30:00  PM,8.444,,,,
4263,12/31/17 10:40:00  PM,8.444,,,,
4264,12/31/17 10:50:00  PM,8.469,,,,
4265,12/31/17 11:00:00  PM,8.519,,,,
4266,12/31/17 11:10:00  PM,8.494,,,,
4267,12/31/17 11:20:00  PM,8.444,,,,
4268,12/31/17 11:30:00  PM,8.469,,,,
4269,12/31/17 11:40:00  PM,8.444,,,,
4270,12/31/17 11:50:00  PM,8.444,,,,
4271,01/01/18 12:00:00  AM,8.519,,,,
4272,01/01/18 12:10:00  AM,8.519,,,,
4273,01/01/18 12:20:00  AM,8.543,,,,
4274,01/01/18 12:30:00  AM,8.519,,,,
4275,01/01/18 12:40:00  AM,8.494,,,,
4276,01/01/18 12:50:00  AM,8.469,,,,
4277,01/01/18 01:00:00  AM,8.469,,,,
4278,01/01/18 01:10:00  AM,8.494,,,,
4279,01/01/18 01:20:00  AM,8.519,,,,
4280,01/01/18 01:30:00  AM,8.519,,,,
4281,01/01/18 01:40:00  AM,8.519,,,,
4282,01/01/18 01:50:00  AM,8.519,,,,
4283,01/01/18 02:00:00  AM,8.568,,,,
4284,01/01/18 02:10:00  AM,8.618,,,,
4285,01/01/18 02:20:00  AM,8.618,,,,
4286,01/01/18 02:30:00  AM,8.618,,,,
4287,01/01/18 02:40:00  AM,8.618,,,,
4288,01/01/18 02:50:00  AM,8.593,,,,
4289,01/01/18 03:00:00  AM,8.568,,,,
4290,01/01/18 03:10:00  AM,8.568,,,,
4291,01/01/18 03:20:00  AM,8.593,,,,
4292,01/01/18 03:30:00  AM,8.618,,,,
4293,01/01/18 03:40:00  AM,8.618,,,,
4294,01/01/18 03:50:00  AM,8.618,,,,
4295,01/01/18 04:00:00  AM,8.593,,,,
4296,01/01/18 04:10:00  AM,8.593,,,,
4297,01/01/18 04:20:00  AM,8.593,,,,
4298,01/01/18 04:30:00  AM,8.593,,,,
4299,01/01/18 04:40:00  AM,8.618,,,,
4300,01/01/18 04:50:00  AM,8.593,,,,
4301,01/01/18 05:00:00  AM,8.568,,,,
4302,01/01/18 05:10:00  AM,8.568,,,,
4303,01/01/18 05:20:00  AM,8.568,,,,
4304,01/01/18 05:30:00  AM,8.568,,,,
4305,01/01/18 05:40:00  AM,8.568,,,,
4306,01/01/18 05:50:00  AM,8.543,,,,
4307,01/01/18 06:00:00  AM,8.543,,,,
4308,01/01/18 06:10:00  AM,8.543,,,,
4309,01/01/18 06:20:00  AM,8.469,,,,
4310,01/01/18 06:30:00  AM,8.369,,,,
4311,01/01/18 06:40:00  AM,8.295,,,,
4312,01/01/18 06:50:00  AM,8.245,,,,
4313,01/01/18 07:00:00  AM,8.245,,,,
4314,01/01/18 07:10:00  AM,8.270,,,,
4315,01/01/18 07:20:00  AM,8.319,,,,
4316,01/01/18 07:30:00  AM,8.369,,,,
4317,01/01/18 07:40:00  AM,8.245,,,,
4318,01/01/18 07:50:00  AM,8.245,,,,
4319,01/01/18 08:00:00  AM,8.270,,,,
4320,01/01/18 08:10:00  AM,8.220,,,,
4321,01/01/18 08:20:00  AM,8.270,,,,
4322,01/01/18 08:30:00  AM,8.344,,,,
4323,01/01/18 08:40:00  AM,8.245,,,,
4324,01/01/18 08:50:00  AM,8.220,,,,
4325,01/01/18 09:00:00  AM,8.195,,,,
4326,01/01/18 09:10:00  AM,8.170,,,,
4327,01/01/18 09:20:00  AM,8.170,,,,
4328,01/01/18 09:30:00  AM,8.145,,,,
4329,01/01/18 09:40:00  AM,8.145,,,,
4330,01/01/18 09:50:00  AM,8.120,,,,
4331,01/01/18 10:00:00  AM,8.095,,,,
4332,01/01/18 10:10:00  AM,8.095,,,,
4333,01/01/18 10:20:00  AM,8.070,,,,
4334,01/01/18 10:30:00  AM,8.070,,,,
4335,01/01/18 10:40:00  AM,8.120,,,,
4336,01/01/18 10:50:00  AM,8.120,,,,
4337,01/01/18 11:00:00  AM,8.145,,,,
4338,01/01/18 11:10:00  AM,8.170,,,,
4339,01/01/18 11:20:00  AM,8.195,,,,
4340,01/01/18 11:30:00  AM,8.220,,,,
4341,01/01/18 11:40:00  AM,8.270,,,,
4342,01/01/18 11:50:00  AM,8.220,,,,
4343,01/01/18 12:00:00  PM,8.319,,,,
4344,01/01/18 12:10:00  PM,8.369,,,,
4345,01/01/18 12:20:00  PM,8.419,,,,
4346,01/01/18 12:30:00  PM,8.419,,,,
4347,01/01/18 12:40:00  PM,8.419,,,,
4348,01/01/18 12:50:00  PM,8.419,,,,
4349,01/01/18 01:00:00  PM,8.419,,,,
4350,01/01/18 01:10:00  PM,8.444,,,,
4351,01/01/18 01:20:00  PM,8.469,,,,
4352,01/01/18 01:30:00  PM,8.469,,,,
4353,01/01/18 01:40:00  PM,8.469,,,,
4354,01/01/18 01:50:00  PM,8.494,,,,
4355,01/01/18 02:00:00  PM,8.519,,,,
4356,01/01/18 02:10:00  PM,8.543,,,,
4357,01/01/18 02:20:00  PM,8.543,,,,
4358,01/01/18 02:30:00  PM,8.519,,,,
4359,01/01/18 02:40:00  PM,8.519,,,,
4360,01/01/18 02:50:00  PM,8.519,,,,
4361,01/01/18 03:00:00  PM,8.519,,,,
4362,01/01/18 03:10:00  PM,8.519,,,,
4363,01/01/18 03:20:00  PM,8.519,,,,
4364,01/01/18 03:30:00  PM,8.543,,,,
4365,01/01/18 03:40:00  PM,8.543,,,,
4366,01/01/18 03:50:00  PM,8.543,,,,
4367,01/01/18 04:00:00  PM,8.568,,,,
4368,01/01/18 04:10:00  PM,8.568,,,,
4369,01/01/18 04:20:00  PM,8.568,,,,
4370,01/01/18 04:30:00  PM,8.568,,,,
4371,01/01/18 04:40:00  PM,8.568,,,,
4372,01/01/18 04:50:00  PM,8.568,,,,
4373,01/01/18 05:00:00  PM,8.568,,,,
4374,01/01/18 05:10:00  PM,8.568,,,,
4375,01/01/18 05:20:00  PM,8.568,,,,
4376,01/01/18 05:30:00  PM,8.568,,,,
4377,01/01/18 05:40:00  PM,8.543,,,,
4378,01/01/18 05:50:00  PM,8.494,,,,
4379,01/01/18 06:00:00  PM,8.444,,,,
4380,01/01/18 06:10:00  PM,8.394,,,,
4381,01/01/18 06:20:00  PM,8.369,,,,
4382,01/01/18 06:30:00  PM,8.295,,,,
4383,01/01/18 06:40:00  PM,8.419,,,,
4384,01/01/18 06:50:00  PM,8.319,,,,
4385,01/01/18 07:00:00  PM,8.494,,,,
4386,01/01/18 07:10:00  PM,8.519,,,,
4387,01/01/18 07:20:00  PM,8.469,,,,
4388,01/01/18 07:30:00  PM,8.369,,,,
4389,01/01/18 07:40:00  PM,8.319,,,,
4390,01/01/18 07:50:00  PM,8.195,,,,
4391,01/01/18 08:00:00  PM,8.170,,,,
4392,01/01/18 08:10:00  PM,7.970,,,,
4393,01/01/18 08:20:00  PM,7.845,,,,
4394,01/01/18 08:30:00  PM,7.970,,,,
4395,01/01/18 08:40:00  PM,7.795,,,,
4396,01/01/18 08:50:00  PM,7.895,,,,
4397,01/01/18 09:00:00  PM,7.795,,,,
4398,01/01/18 09:10:00  PM,7.820,,,,
4399,01/01/18 09:20:00  PM,8.020,,,,
4400,01/01/18 09:30:00  PM,7.995,,,,
4401,01/01/18 09:40:00  PM,7.870,,,,
4402,01/01/18 09:50:00  PM,7.795,,,,
4403,01/01/18 10:00:00  PM,7.770,,,,
4404,01/01/18 10:10:00  PM,7.820,,,,
4405,01/01/18 10:20:00  PM,7.795,,,,
4406,01/01/18 10:30:00  PM,7.720,,,,
4407,01/01/18 10:40:00  PM,7.745,,,,
4408,01/01/18 10:50:00  PM,7.770,,,,
4409,01/01/18 11:00:00  PM,7.770,,,,
4410,01/01/18 11:10:00  PM,7.670,,,,
4411,01/01/18 11:20:00  PM,7.594,,,,
4412,01/01/18 11:30:00  PM,7.494,,,,
4413,01/01/18 11:40:00  PM,7.444,,,,
4414,01/01/18 11:50:00  PM,7.444,,,,
4415,01/02/18 12:00:00  AM,7.419,,,,
4416,01/02/18 12:10:00  AM,7.419,,,,
4417,01/02/18 12:20:00  AM,7.419,,,,
4418,01/02/18 12:30:00  AM,7.419,,,,
4419,01/02/18 12:40:00  AM,7.393,,,,
4420,01/02/18 12:50:00  AM,7.393,,,,
4421,01/02/18 01:00:00  AM,7.393,,,,
4422,01/02/18 01:10:00  AM,7.494,,,,
4423,01/02/18 01:20:00  AM,7.695,,,,
4424,01/02/18 01:30:00  AM,7.569,,,,
4425,01/02/18 01:40:00  AM,7.519,,,,
4426,01/02/18 01:50:00  AM,7.770,,,,
4427,01/02/18 02:00:00  AM,8.070,,,,
4428,01/02/18 02:10:00  AM,8.095,,,,
4429,01/02/18 02:20:00  AM,8.020,,,,
4430,01/02/18 02:30:00  AM,7.995,,,,
4431,01/02/18 02:40:00  AM,8.020,,,,
4432,01/02/18 02:50:00  AM,8.120,,,,
4433,01/02/18 03:00:00  AM,8.245,,,,
4434,01/02/18 03:10:00  AM,8.270,,,,
4435,01/02/18 03:20:00  AM,8.245,,,,
4436,01/02/18 03:30:00  AM,8.270,,,,
4437,01/02/18 03:40:00  AM,8.220,,,,
4438,01/02/18 03:50:00  AM,8.319,,,,
4439,01/02/18 04:00:00  AM,8.295,,,,
4440,01/02/18 04:10:00  AM,8.270,,,,
4441,01/02/18 04:20:00  AM,8.270,,,,
4442,01/02/18 04:30:00  AM,8.245,,,,
4443,01/02/18 04:40:00  AM,8.270,,,,
4444,01/02/18 04:50:00  AM,8.295,,,,
4445,01/02/18 05:00:00  AM,8.319,,,,
4446,01/02/18 05:10:00  AM,8.319,,,,
4447,01/02/18 05:20:00  AM,8.295,,,,
4448,01/02/18 05:30:00  AM,8.344,,,,
4449,01/02/18 05:40:00  AM,8.394,,,,
4450,01/02/18 05:50:00  AM,8.394,,,,
4451,01/02/18 06:00:00  AM,8.369,,,,
4452,01/02/18 06:10:00  AM,8.319,,,,
4453,01/02/18 06:20:00  AM,8.295,,,,
4454,01/02/18 06:30:00  AM,8.245,,,,
4455,01/02/18 06:40:00  AM,8.220,,,,
4456,01/02/18 06:50:00  AM,8.170,,,,
4457,01/02/18 07:00:00  AM,8.145,,,,
4458,01/02/18 07:10:00  AM,8.095,,,,
4459,01/02/18 07:20:00  AM,8.045,,,,
4460,01/02/18 07:30:00  AM,7.995,,,,
4461,01/02/18 07:40:00  AM,7.995,,,,
4462,01/02/18 07:50:00  AM,7.920,,,,
4463,01/02/18 08:00:00  AM,7.845,,,,
4464,01/02/18 08:10:00  AM,7.845,,,,
4465,01/02/18 08:20:00  AM,7.820,,,,
4466,01/02/18 08:30:00  AM,7.795,,,,
4467,01/02/18 08:40:00  AM,7.745,,,,
4468,01/02/18 08:50:00  AM,7.720,,,,
4469,01/02/18 09:00:00  AM,7.695,,,,
4470,01/02/18 09:10:00  AM,7.695,,,,
4471,01/02/18 09:20:00  AM,7.670,,,,
4472,01/02/18 09:30:00  AM,7.645,,,,
4473,01/02/18 09:40:00  AM,7.619,,,,
4474,01/02/18 09:50:00  AM,7.594,,,,
4475,01/02/18 10:00:00  AM,7.745,,,,
4476,01/02/18 10:10:00  AM,7.745,,,,
4477,01/02/18 10:20:00  AM,7.895,,,,
4478,01/02/18 10:30:00  AM,7.920,,,,
4479,01/02/18 10:40:00  AM,7.845,,,,
4480,01/02/18 10:50:00  AM,7.895,,,,
4481,01/02/18 11:00:00  AM,7.920,,,,
4482,01/02/18 11:10:00  AM,7.970,,,,
4483,01/02/18 11:20:00  AM,8.020,,,,
4484,01/02/18 11:30:00  AM,8.045,,,,
4485,01/02/18 11:40:00  AM,8.070,,,,
4486,01/02/18 11:50:00  AM,8.045,,,,
4487,01/02/18 12:00:00  PM,8.070,,,,
4488,01/02/18 12:10:00  PM,8.120,,,,
4489,01/02/18 12:20:00  PM,8.120,,,,
4490,01/02/18 12:30:00  PM,8.070,,,,
4491,01/02/18 12:40:00  PM,8.120,,,,
4492,01/02/18 12:50:00  PM,8.120,,,,
4493,01/02/18 01:00:00  PM,8.245,,,,
4494,01/02/18 01:10:00  PM,8.170,,,,
4495,01/02/18 01:20:00  PM,8.145,,,,
4496,01/02/18 01:30:00  PM,8.120,,,,
4497,01/02/18 01:40:00  PM,8.170,,,,
4498,01/02/18 01:50:00  PM,8.120,,,,
4499,01/02/18 02:00:00  PM,8.120,,,,
4500,01/02/18 02:10:00  PM,8.145,,,,
4501,01/02/18 02:20:00  PM,8.195,,,,
4502,01/02/18 02:30:00  PM,8.245,,,,
4503,01/02/18 02:40:00  PM,8.319,,,,
4504,01/02/18 02:50:00  PM,8.344,,,,
4505,01/02/18 03:00:00  PM,8.369,,,,
4506,01/02/18 03:10:00  PM,8.394,,,,
4507,01/02/18 03:20:00  PM,8.394,,,,
4508,01/02/18 03:30:00  PM,8.419,,,,
4509,01/02/18 03:40:00  PM,8.419,,,,
4510,01/02/18 03:50:00  PM,8.394,,,,
4511,01/02/18 04:00:00  PM,8.394,,,,
4512,01/02/18 04:10:00  PM,8.369,,,,
4513,01/02/18 04:20:00  PM,8.394,,,,
4514,01/02/18 04:30:00  PM,8.369,,,,
4515,01/02/18 04:40:00  PM,8.394,,,,
4516,01/02/18 04:50:00  PM,8.444,,,,
4517,01/02/18 05:00:00  PM,8.469,,,,
4518,01/02/18 05:10:00  PM,8.419,,,,
4519,01/02/18 05:20:00  PM,8.419,,,,
4520,01/02/18 05:30:00  PM,8.419,,,,
4521,01/02/18 05:40:00  PM,8.444,,,,
4522,01/02/18 05:50:00  PM,8.444,,,,
4523,01/02/18 06:00:00  PM,8.469,,,,
4524,01/02/18 06:10:00  PM,8.444,,,,
4525,01/02/18 06:20:00  PM,8.444,,,,
4526,01/02/18 06:30:00  PM,8.444,,,,
4527,01/02/18 06:40:00  PM,8.394,,,,
4528,01/02/18 06:50:00  PM,8.369,,,,
4529,01/02/18 07:00:00  PM,8.344,,,,
4530,01/02/18 07:10:00  PM,8.245,,,,
4531,01/02/18 07:20:00  PM,8.344,,,,
4532,01/02/18 07:30:00  PM,8.369,,,,
4533,01/02/18 07:40:00  PM,8.394,,,,
4534,01/02/18 07:50:00  PM,8.394,,,,
4535,01/02/18 08:00:00  PM,8.344,,,,
4536,01/02/18 08:10:00  PM,8.245,,,,
4537,01/02/18 08:20:00  PM,7.970,,,,
4538,01/02/18 08:30:00  PM,7.820,,,,
4539,01/02/18 08:40:00  PM,7.745,,,,
4540,01/02/18 08:50:00  PM,7.720,,,,
4541,01/02/18 09:00:00  PM,7.670,,,,
4542,01/02/18 09:10:00  PM,7.670,,,,
4543,01/02/18 09:20:00  PM,7.670,,,,
4544,01/02/18 09:30:00  PM,7.670,,,,
4545,01/02/18 09:40:00  PM,7.619,,,,
4546,01/02/18 09:50:00  PM,7.645,,,,
4547,01/02/18 10:00:00  PM,7.670,,,,
4548,01/02/18 10:10:00  PM,7.695,,,,
4549,01/02/18 10:20:00  PM,7.945,,,,
4550,01/02/18 10:30:00  PM,7.895,,,,
4551,01/02/18 10:40:00  PM,7.870,,,,
4552,01/02/18 10:50:00  PM,7.945,,,,
4553,01/02/18 11:00:00  PM,7.945,,,,
4554,01/02/18 11:10:00  PM,7.995,,,,
4555,01/02/18 11:20:00  PM,7.920,,,,
4556,01/02/18 11:30:00  PM,8.170,,,,
4557,01/02/18 11:40:00  PM,7.970,,,,
4558,01/02/18 11:50:00  PM,7.995,,,,
4559,01/03/18 12:00:00  AM,8.045,,,,
4560,01/03/18 12:10:00  AM,8.045,,,,
4561,01/03/18 12:20:00  AM,8.045,,,,
4562,01/03/18 12:30:00  AM,8.170,,,,
4563,01/03/18 12:40:00  AM,7.870,,,,
4564,01/03/18 12:50:00  AM,7.444,,,,
4565,01/03/18 01:00:00  AM,7.444,,,,
4566,01/03/18 01:10:00  AM,7.695,,,,
4567,01/03/18 01:20:00  AM,7.920,,,,
4568,01/03/18 01:30:00  AM,8.344,,,,
4569,01/03/18 01:40:00  AM,7.995,,,,
4570,01/03/18 01:50:00  AM,8.270,,,,
4571,01/03/18 02:00:00  AM,8.270,,,,
4572,01/03/18 02:10:00  AM,8.270,,,,
4573,01/03/18 02:20:00  AM,8.245,,,,
4574,01/03/18 02:30:00  AM,8.245,,,,
4575,01/03/18 02:40:00  AM,8.245,,,,
4576,01/03/18 02:50:00  AM,8.245,,,,
4577,01/03/18 03:00:00  AM,8.270,,,,
4578,01/03/18 03:10:00  AM,8.295,,,,
4579,01/03/18 03:20:00  AM,8.444,,,,
4580,01/03/18 03:30:00  AM,8.519,,,,
4581,01/03/18 03:40:00  AM,8.519,,,,
4582,01/03/18 03:50:00  AM,8.519,,,,
4583,01/03/18 04:00:00  AM,8.494,,,,
4584,01/03/18 04:10:00  AM,8.469,,,,
4585,01/03/18 04:20:00  AM,8.444,,,,
4586,01/03/18 04:30:00  AM,8.494,,,,
4587,01/03/18 04:40:00  AM,8.419,,,,
4588,01/03/18 04:50:00  AM,8.419,,,,
4589,01/03/18 05:00:00  AM,8.444,,,,
4590,01/03/18 05:10:00  AM,8.469,,,,
4591,01/03/18 05:20:00  AM,8.469,,,,
4592,01/03/18 05:30:00  AM,8.469,,,,
4593,01/03/18 05:40:00  AM,8.444,,,,
4594,01/03/18 05:50:00  AM,8.444,,,,
4595,01/03/18 06:00:00  AM,8.419,,,,
4596,01/03/18 06:10:00  AM,8.394,,,,
4597,01/03/18 06:20:00  AM,8.369,,,,
4598,01/03/18 06:30:00  AM,8.369,,,,
4599,01/03/18 06:40:00  AM,8.344,,,,
4600,01/03/18 06:50:00  AM,8.344,,,,
4601,01/03/18 07:00:00  AM,8.319,,,,
4602,01/03/18 07:10:00  AM,8.270,,,,
4603,01/03/18 07:20:00  AM,8.220,,,,
4604,01/03/18 07:30:00  AM,8.170,,,,
4605,01/03/18 07:40:00  AM,8.170,,,,
4606,01/03/18 07:50:00  AM,8.120,,,,
4607,01/03/18 08:00:00  AM,8.020,,,,
4608,01/03/18 08:10:00  AM,7.995,,,,
4609,01/03/18 08:20:00  AM,7.970,,,,
4610,01/03/18 08:30:00  AM,7.920,,,,
4611,01/03/18 08:40:00  AM,7.920,,,,
4612,01/03/18 08:50:00  AM,7.895,,,,
4613,01/03/18 09:00:00  AM,7.870,,,,
4614,01/03/18 09:10:00  AM,7.845,,,,
4615,01/03/18 09:20:00  AM,7.845,,,,
4616,01/03/18 09:30:00  AM,7.820,,,,
4617,01/03/18 09:40:00  AM,7.795,,,,
4618,01/03/18 09:50:00  AM,7.770,,,,
4619,01/03/18 10:00:00  AM,7.720,,,,
4620,01/03/18 10:10:00  AM,7.695,,,,
4621,01/03/18 10:20:00  AM,7.695,,,,
4622,01/03/18 10:30:00  AM,7.645,,,,
4623,01/03/18 10:40:00  AM,7.645,,,,
4624,01/03/18 10:50:00  AM,7.645,,,,
4625,01/03/18 11:00:00  AM,7.594,,,,
4626,01/03/18 11:10:00  AM,7.895,,,,
4627,01/03/18 11:20:00  AM,7.845,,,,
4628,01/03/18 11:30:00  AM,7.895,,,,
4629,01/03/18 11:40:00  AM,7.945,,,,
4630,01/03/18 11:50:00  AM,7.920,,,,
4631,01/03/18 12:00:00  PM,8.020,,,,
4632,01/03/18 12:10:00  PM,8.020,,,,
4633,01/03/18 12:20:00  PM,8.120,,,,
4634,01/03/18 12:30:00  PM,8.120,,,,
4635,01/03/18 12:40:00  PM,8.120,,,,
4636,01/03/18 12:50:00  PM,8.095,,,,
4637,01/03/18 01:00:00  PM,8.120,,,,
4638,01/03/18 01:10:00  PM,8.170,,,,
4639,01/03/18 01:20:00  PM,8.170,,,,
4640,01/03/18 01:30:00  PM,8.195,,,,
4641,01/03/18 01:40:00  PM,8.270,,,,
4642,01/03/18 01:50:00  PM,8.344,,,,
4643,01/03/18 02:00:00  PM,8.344,,,,
4644,01/03/18 02:10:00  PM,8.319,,,,
4645,01/03/18 02:20:00  PM,8.319,,,,
4646,01/03/18 02:30:00  PM,8.319,,,,
4647,01/03/18 02:40:00  PM,8.295,,,,
4648,01/03/18 02:50:00  PM,8.295,,,,
4649,01/03/18 03:00:00  PM,8.344,,,,
4650,01/03/18 03:10:00  PM,8.344,,,,
4651,01/03/18 03:20:00  PM,8.344,,,,
4652,01/03/18 03:30:00  PM,8.319,,,,
4653,01/03/18 03:40:00  PM,8.295,,,,
4654,01/03/18 03:50:00  PM,8.319,,,,
4655,01/03/18 04:00:00  PM,8.344,,,,
4656,01/03/18 04:10:00  PM,8.369,,,,
4657,01/03/18 04:20:00  PM,8.444,,,,
4658,01/03/18 04:30:00  PM,8.469,,,,
4659,01/03/18 04:40:00  PM,8.469,,,,
4660,01/03/18 04:50:00  PM,8.444,,,,
4661,01/03/18 05:00:00  PM,8.469,,,,
4662,01/03/18 05:10:00  PM,8.444,,,,
4663,01/03/18 05:20:00  PM,8.419,,,,
4664,01/03/18 05:30:00  PM,8.419,,,,
4665,01/03/18 05:40:00  PM,8.419,,,,
4666,01/03/18 05:50:00  PM,8.419,,,,
4667,01/03/18 06:00:00  PM,8.394,,,,
4668,01/03/18 06:10:00  PM,8.419,,,,
4669,01/03/18 06:20:00  PM,8.369,,,,
4670,01/03/18 06:30:00  PM,8.394,,,,
4671,01/03/18 06:40:00  PM,8.369,,,,
4672,01/03/18 06:50:00  PM,8.394,,,,
4673,01/03/18 07:00:00  PM,8.369,,,,
4674,01/03/18 07:10:00  PM,8.369,,,,
4675,01/03/18 07:20:00  PM,8.394,,,,
4676,01/03/18 07:30:00  PM,8.369,,,,
4677,01/03/18 07:40:00  PM,8.344,,,,
4678,01/03/18 07:50:00  PM,8.319,,,,
4679,01/03/18 08:00:00  PM,8.270,,,,
4680,01/03/18 08:10:00  PM,8.245,,,,
4681,01/03/18 08:20:00  PM,8.195,,,,
4682,01/03/18 08:30:00  PM,8.145,,,,
4683,01/03/18 08:40:00  PM,8.295,,,,
4684,01/03/18 08:50:00  PM,8.295,,,,
4685,01/03/18 09:00:00  PM,8.245,,,,
4686,01/03/18 09:10:00  PM,8.145,,,,
4687,01/03/18 09:20:00  PM,8.020,,,,
4688,01/03/18 09:30:00  PM,8.020,,,,
4689,01/03/18 09:40:00  PM,7.920,,,,
4690,01/03/18 09:50:00  PM,7.870,,,,
4691,01/03/18 10:00:00  PM,7.895,,,,
4692,01/03/18 10:10:00  PM,7.770,,,,
4693,01/03/18 10:20:00  PM,7.745,,,,
4694,01/03/18 10:30:00  PM,7.770,,,,
4695,01/03/18 10:40:00  PM,7.645,,,,
4696,01/03/18 10:50:00  PM,7.619,,,,
4697,01/03/18 11:00:00  PM,7.720,,,,
4698,01/03/18 11:10:00  PM,7.745,,,,
4699,01/03/18 11:20:00  PM,7.695,,,,
4700,01/03/18 11:30:00  PM,7.895,,,,
4701,01/03/18 11:40:00  PM,7.895,,,,
4702,01/03/18 11:50:00  PM,7.920,,,,
4703,01/04/18 12:00:00  AM,7.920,,,,
4704,01/04/18 12:10:00  AM,7.920,,,,
4705,01/04/18 12:20:00  AM,8.045,,,,
4706,01/04/18 12:30:00  AM,8.045,,,,
4707,01/04/18 12:40:00  AM,8.145,,,,
4708,01/04/18 12:50:00  AM,8.120,,,,
4709,01/04/18 01:00:00  AM,8.220,,,,
4710,01/04/18 01:10:00  AM,8.170,,,,
4711,01/04/18 01:20:00  AM,8.319,,,,
4712,01/04/18 01:30:00  AM,8.344,,,,
4713,01/04/18 01:40:00  AM,8.319,,,,
4714,01/04/18 01:50:00  AM,8.369,,,,
4715,01/04/18 02:00:00  AM,8.369,,,,
4716,01/04/18 02:10:00  AM,8.394,,,,
4717,01/04/18 02:20:00  AM,8.394,,,,
4718,01/04/18 02:30:00  AM,8.369,,,,
4719,01/04/18 02:40:00  AM,8.369,,,,
4720,01/04/18 02:50:00  AM,8.394,,,,
4721,01/04/18 03:00:00  AM,8.369,,,,
4722,01/04/18 03:10:00  AM,8.369,,,,
4723,01/04/18 03:20:00  AM,8.369,,,,
4724,01/04/18 03:30:00  AM,8.419,,,,
4725,01/04/18 03:40:00  AM,8.419,,,,
4726,01/04/18 03:50:00  AM,8.394,,,,
4727,01/04/18 04:00:00  AM,8.419,,,,
4728,01/04/18 04:10:00  AM,8.419,,,,
4729,01/04/18 04:20:00  AM,8.419,,,,
4730,01/04/18 04:30:00  AM,8.469,,,,
4731,01/04/18 04:40:00  AM,8.469,,,,
4732,01/04/18 04:50:00  AM,8.444,,,,
4733,01/04/18 05:00:00  AM,8.444,,,,
4734,01/04/18 05:10:00  AM,8.444,,,,
4735,01/04/18 05:20:00  AM,8.469,,,,
4736,01/04/18 05:30:00  AM,8.469,,,,
4737,01/04/18 05:40:00  AM,8.469,,,,
4738,01/04/18 05:50:00  AM,8.469,,,,
4739,01/04/18 06:00:00  AM,8.494,,,,
4740,01/04/18 06:10:00  AM,8.494,,,,
4741,01/04/18 06:20:00  AM,8.494,,,,
4742,01/04/18 06:30:00  AM,8.494,,,,
4743,01/04/18 06:40:00  AM,8.469,,,,
4744,01/04/18 06:50:00  AM,8.469,,,,
4745,01/04/18 07:00:00  AM,8.469,,,,
4746,01/04/18 07:10:00  AM,8.469,,,,
4747,01/04/18 07:20:00  AM,8.469,,,,
4748,01/04/18 07:30:00  AM,8.444,,,,
4749,01/04/18 07:40:00  AM,8.419,,,,
4750,01/04/18 07:50:00  AM,8.394,,,,
4751,01/04/18 08:00:00  AM,8.369,,,,
4752,01/04/18 08:10:00  AM,8.344,,,,
4753,01/04/18 08:20:00  AM,8.270,,,,
4754,01/04/18 08:30:00  AM,8.295,,,,
4755,01/04/18 08:40:00  AM,8.270,,,,
4756,01/04/18 08:50:00  AM,8.145,,,,
4757,01/04/18 09:00:00  AM,8.045,,,,
4758,01/04/18 09:10:00  AM,7.970,,,,
4759,01/04/18 09:20:00  AM,7.945,,,,
4760,01/04/18 09:30:00  AM,7.920,,,,
4761,01/04/18 09:40:00  AM,7.895,,,,
4762,01/04/18 09:50:00  AM,7.895,,,,
4763,01/04/18 10:00:00  AM,7.920,,,,
4764,01/04/18 10:10:00  AM,7.870,,,,
4765,01/04/18 10:20:00  AM,7.870,,,,
4766,01/04/18 10:30:00  AM,7.820,,,,
4767,01/04/18 10:40:00  AM,7.795,,,,
4768,01/04/18 10:50:00  AM,7.795,,,,
4769,01/04/18 11:00:00  AM,7.770,,,,
4770,01/04/18 11:10:00  AM,7.795,,,,
4771,01/04/18 11:20:00  AM,7.745,,,,
4772,01/04/18 11:30:00  AM,7.745,,,,
4773,01/04/18 11:40:00  AM,7.770,,,,
4774,01/04/18 11:50:00  AM,7.945,,,,
4775,01/04/18 12:00:00  PM,8.020,,,,
4776,01/04/18 12:10:00  PM,8.020,,,,
4777,01/04/18 12:20:00  PM,7.920,,,,
4778,01/04/18 12:30:00  PM,7.945,,,,
4779,01/04/18 12:40:00  PM,8.120,,,,
4780,01/04/18 12:50:00  PM,7.995,,,,
4781,01/04/18 01:00:00  PM,8.220,,,,
4782,01/04/18 01:10:00  PM,8.195,,,,
4783,01/04/18 01:20:00  PM,8.245,,,,
4784,01/04/18 01:30:00  PM,8.220,,,,
4785,01/04/18 01:40:00  PM,8.195,,,,
4786,01/04/18 01:50:00  PM,8.220,,,,
4787,01/04/18 02:00:00  PM,8.319,,,,
4788,01/04/18 02:10:00  PM,8.319,,,,
4789,01/04/18 02:20:00  PM,8.319,,,,
4790,01/04/18 02:30:00  PM,8.344,,,,
4791,01/04/18 02:40:00  PM,8.369,,,,
4792,01/04/18 02:50:00  PM,8.369,,,,
4793,01/04/18 03:00:00  PM,8.369,,,,
4794,01/04/18 03:10:00  PM,8.344,,,,
4795,01/04/18 03:20:00  PM,8.319,,,,
4796,01/04/18 03:30:00  PM,8.394,,,,
4797,01/04/18 03:40:00  PM,8.394,,,,
4798,01/04/18 03:50:00  PM,8.394,,,,
4799,01/04/18 04:00:00  PM,8.394,,,,
4800,01/04/18 04:10:00  PM,8.419,,,,
4801,01/04/18 04:20:00  PM,8.419,,,,
4802,01/04/18 04:30:00  PM,8.444,,,,
4803,01/04/18 04:40:00  PM,8.419,,,,
4804,01/04/18 04:50:00  PM,8.419,,,,
4805,01/04/18 05:00:00  PM,8.419,,,,
4806,01/04/18 05:10:00  PM,8.419,,,,
4807,01/04/18 05:20:00  PM,8.419,,,,
4808,01/04/18 05:30:00  PM,8.419,,,,
4809,01/04/18 05:40:00  PM,8.469,,,,
4810,01/04/18 05:50:00  PM,8.469,,,,
4811,01/04/18 06:00:00  PM,8.444,,,,
4812,01/04/18 06:10:00  PM,8.444,,,,
4813,01/04/18 06:20:00  PM,8.444,,,,
4814,01/04/18 06:30:00  PM,8.444,,,,
4815,01/04/18 06:40:00  PM,8.444,,,,
4816,01/04/18 06:50:00  PM,8.444,,,,
4817,01/04/18 07:00:00  PM,8.419,,,,
4818,01/04/18 07:10:00  PM,8.419,,,,
4819,01/04/18 07:20:00  PM,8.419,,,,
4820,01/04/18 07:30:00  PM,8.394,,,,
4821,01/04/18 07:40:00  PM,8.394,,,,
4822,01/04/18 07:50:00  PM,8.394,,,,
4823,01/04/18 08:00:00  PM,8.369,,,,
4824,01/04/18 08:10:00  PM,8.369,,,,
4825,01/04/18 08:20:00  PM,8.344,,,,
4826,01/04/18 08:30:00  PM,8.344,,,,
4827,01/04/18 08:40:00  PM,8.319,,,,
4828,01/04/18 08:50:00  PM,8.319,,,,
4829,01/04/18 09:00:00  PM,8.319,,,,
4830,01/04/18 09:10:00  PM,8.295,,,,
4831,01/04/18 09:20:00  PM,8.270,,,,
4832,01/04/18 09:30:00  PM,8.245,,,,
4833,01/04/18 09:40:00  PM,8.170,,,,
4834,01/04/18 09:50:00  PM,8.095,,,,
4835,01/04/18 10:00:00  PM,8.020,,,,
4836,01/04/18 10:10:00  PM,7.995,,,,
4837,01/04/18 10:20:00  PM,7.970,,,,
4838,01/04/18 10:30:00  PM,7.895,,,,
4839,01/04/18 10:40:00  PM,7.920,,,,
4840,01/04/18 10:50:00  PM,8.020,,,,
4841,01/04/18 11:00:00  PM,7.895,,,,
4842,01/04/18 11:10:00  PM,7.870,,,,
4843,01/04/18 11:20:00  PM,7.945,,,,
4844,01/04/18 11:30:00  PM,7.720,,,,
4845,01/04/18 11:40:00  PM,7.745,,,,
4846,01/04/18 11:50:00  PM,7.795,,,,
4847,01/05/18 12:00:00  AM,7.845,,,,
4848,01/05/18 12:10:00  AM,7.895,,,,
4849,01/05/18 12:20:00  AM,7.870,,,,
4850,01/05/18 12:30:00  AM,7.795,,,,
4851,01/05/18 12:40:00  AM,7.770,,,,
4852,01/05/18 12:50:00  AM,7.720,,,,
4853,01/05/18 01:00:00  AM,7.745,,,,
4854,01/05/18 01:10:00  AM,7.720,,,,
4855,01/05/18 01:20:00  AM,7.720,,,,
4856,01/05/18 01:30:00  AM,7.695,,,,
4857,01/05/18 01:40:00  AM,7.695,,,,
4858,01/05/18 01:50:00  AM,7.720,,,,
4859,01/05/18 02:00:00  AM,7.745,,,,
4860,01/05/18 02:10:00  AM,7.695,,,,
4861,01/05/18 02:20:00  AM,7.720,,,,
4862,01/05/18 02:30:00  AM,7.895,,,,
4863,01/05/18 02:40:00  AM,7.945,,,,
4864,01/05/18 02:50:00  AM,8.095,,,,
4865,01/05/18 03:00:00  AM,8.195,,,,
4866,01/05/18 03:10:00  AM,8.245,,,,
4867,01/05/18 03:20:00  AM,8.195,,,,
4868,01/05/18 03:30:00  AM,8.245,,,,
4869,01/05/18 03:40:00  AM,8.270,,,,
4870,01/05/18 03:50:00  AM,8.295,,,,
4871,01/05/18 04:00:00  AM,8.319,,,,
4872,01/05/18 04:10:00  AM,8.319,,,,
4873,01/05/18 04:20:00  AM,8.295,,,,
4874,01/05/18 04:30:00  AM,8.270,,,,
4875,01/05/18 04:40:00  AM,8.270,,,,
4876,01/05/18 04:50:00  AM,8.319,,,,
4877,01/05/18 05:00:00  AM,8.319,,,,
4878,01/05/18 05:10:00  AM,8.344,,,,
4879,01/05/18 05:20:00  AM,8.419,,,,
4880,01/05/18 05:30:00  AM,8.444,,,,
4881,01/05/18 05:40:00  AM,8.444,,,,
4882,01/05/18 05:50:00  AM,8.444,,,,
4883,01/05/18 06:00:00  AM,8.444,,,,
4884,01/05/18 06:10:00  AM,8.394,,,,
4885,01/05/18 06:20:00  AM,8.419,,,,
4886,01/05/18 06:30:00  AM,8.419,,,,
4887,01/05/18 06:40:00  AM,8.419,,,,
4888,01/05/18 06:50:00  AM,8.444,,,,
4889,01/05/18 07:00:00  AM,8.444,,,,
4890,01/05/18 07:10:00  AM,8.419,,,,
4891,01/05/18 07:20:00  AM,8.419,,,,
4892,01/05/18 07:30:00  AM,8.419,,,,
4893,01/05/18 07:40:00  AM,8.419,,,,
4894,01/05/18 07:50:00  AM,8.419,,,,
4895,01/05/18 08:00:00  AM,8.419,,,,
4896,01/05/18 08:10:00  AM,8.394,,,,
4897,01/05/18 08:20:00  AM,8.394,,,,
4898,01/05/18 08:30:00  AM,8.369,,,,
4899,01/05/18 08:40:00  AM,8.369,,,,
4900,01/05/18 08:50:00  AM,8.319,,,,
4901,01/05/18 09:00:00  AM,8.319,,,,
4902,01/05/18 09:10:00  AM,8.295,,,,
4903,01/05/18 09:20:00  AM,8.245,,,,
4904,01/05/18 09:30:00  AM,8.195,,,,
4905,01/05/18 09:40:00  AM,8.120,,,,
4906,01/05/18 09:50:00  AM,8.095,,,,
4907,01/05/18 10:00:00  AM,8.070,,,,
4908,01/05/18 10:10:00  AM,8.020,,,,
4909,01/05/18 10:20:00  AM,7.970,,,,
4910,01/05/18 10:30:00  AM,7.970,,,,
4911,01/05/18 10:40:00  AM,7.920,,,,
4912,01/05/18 10:50:00  AM,7.920,,,,
4913,01/05/18 11:00:00  AM,7.920,,,,
4914,01/05/18 11:10:00  AM,7.945,,,,
4915,01/05/18 11:20:00  AM,7.970,,,,
4916,01/05/18 11:30:00  AM,7.970,,,,
4917,01/05/18 11:40:00  AM,7.920,,,,
4918,01/05/18 11:50:00  AM,7.945,,,,
4919,01/05/18 12:00:00  PM,7.970,,,,
4920,01/05/18 12:10:00  PM,8.070,,,,
4921,01/05/18 12:20:00  PM,8.095,,,,
4922,01/05/18 12:30:00  PM,8.070,,,,
4923,01/05/18 12:40:00  PM,8.020,,,,
4924,01/05/18 12:50:00  PM,8.045,,,,
4925,01/05/18 01:00:00  PM,8.070,,,,
4926,01/05/18 01:10:00  PM,8.095,,,,
4927,01/05/18 01:20:00  PM,8.195,,,,
4928,01/05/18 01:30:00  PM,8.170,,,,
4929,01/05/18 01:40:00  PM,8.170,,,,
4930,01/05/18 01:50:00  PM,8.170,,,,
4931,01/05/18 02:00:00  PM,8.195,,,,
4932,01/05/18 02:10:00  PM,8.220,,,,
4933,01/05/18 02:20:00  PM,8.195,,,,
4934,01/05/18 02:30:00  PM,8.220,,,,
4935,01/05/18 02:40:00  PM,8.220,,,,
4936,01/05/18 02:50:00  PM,8.270,,,,
4937,01/05/18 03:00:00  PM,8.295,,,,
4938,01/05/18 03:10:00  PM,8.319,,,,
4939,01/05/18 03:20:00  PM,8.319,,,,
4940,01/05/18 03:30:00  PM,8.319,,,,
4941,01/05/18 03:40:00  PM,8.319,,,,
4942,01/05/18 03:50:00  PM,8.319,,,,
4943,01/05/18 04:00:00  PM,8.319,,,,
4944,01/05/18 04:10:00  PM,8.319,,,,
4945,01/05/18 04:20:00  PM,8.319,,,,
4946,01/05/18 04:30:00  PM,8.319,,,,
4947,01/05/18 04:40:00  PM,8.319,,,,
4948,01/05/18 04:50:00  PM,8.319,,,,
4949,01/05/18 05:00:00  PM,8.344,,,,
4950,01/05/18 05:10:00  PM,8.394,,,,
4951,01/05/18 05:20:00  PM,8.394,,,,
4952,01/05/18 05:30:00  PM,8.394,,,,
4953,01/05/18 05:40:00  PM,8.419,,,,
4954,01/05/18 05:50:00  PM,8.419,,,,
4955,01/05/18 06:00:00  PM,8.419,,,,
4956,01/05/18 06:10:00  PM,8.444,,,,
4957,01/05/18 06:20:00  PM,8.444,,,,
4958,01/05/18 06:30:00  PM,8.419,,,,
4959,01/05/18 06:40:00  PM,8.419,,,,
4960,01/05/18 06:50:00  PM,8.419,,,,
4961,01/05/18 07:00:00  PM,8.419,,,,
4962,01/05/18 07:10:00  PM,8.419,,,,
4963,01/05/18 07:20:00  PM,8.419,,,,
4964,01/05/18 07:30:00  PM,8.419,,,,
4965,01/05/18 07:40:00  PM,8.419,,,,
4966,01/05/18 07:50:00  PM,8.394,,,,
4967,01/05/18 08:00:00  PM,8.369,,,,
4968,01/05/18 08:10:00  PM,8.369,,,,
4969,01/05/18 08:20:00  PM,8.344,,,,
4970,01/05/18 08:30:00  PM,8.319,,,,
4971,01/05/18 08:40:00  PM,8.344,,,,
4972,01/05/18 08:50:00  PM,8.319,,,,
4973,01/05/18 09:00:00  PM,8.319,,,,
4974,01/05/18 09:10:00  PM,8.319,,,,
4975,01/05/18 09:20:00  PM,8.319,,,,
4976,01/05/18 09:30:00  PM,8.319,,,,
4977,01/05/18 09:40:00  PM,8.319,,,,
4978,01/05/18 09:50:00  PM,8.295,,,,
4979,01/05/18 10:00:00  PM,8.270,,,,
4980,01/05/18 10:10:00  PM,8.245,,,,
4981,01/05/18 10:20:00  PM,8.195,,,,
4982,01/05/18 10:30:00  PM,8.145,,,,
4983,01/05/18 10:40:00  PM,8.095,,,,
4984,01/05/18 10:50:00  PM,8.045,,,,
4985,01/05/18 11:00:00  PM,8.020,,,,
4986,01/05/18 11:10:00  PM,7.995,,,,
4987,01/05/18 11:20:00  PM,7.945,,,,
4988,01/05/18 11:30:00  PM,7.945,,,,
4989,01/05/18 11:40:00  PM,7.920,,,,
4990,01/05/18 11:50:00  PM,7.920,,,,
4991,01/06/18 12:00:00  AM,7.920,,,,
4992,01/06/18 12:10:00  AM,7.870,,,,
4993,01/06/18 12:20:00  AM,7.820,,,,
4994,01/06/18 12:30:00  AM,7.895,,,,
4995,01/06/18 12:40:00  AM,7.920,,,,
4996,01/06/18 12:50:00  AM,7.820,,,,
4997,01/06/18 01:00:00  AM,7.995,,,,
4998,01/06/18 01:10:00  AM,7.970,,,,
4999,01/06/18 01:20:00  AM,7.895,,,,
5000,01/06/18 01:30:00  AM,7.945,,,,
5001,01/06/18 01:40:00  AM,7.895,,,,
5002,01/06/18 01:50:00  AM,7.920,,,,
5003,01/06/18 02:00:00  AM,7.945,,,,
5004,01/06/18 02:10:00  AM,7.920,,,,
5005,01/06/18 02:20:00  AM,7.970,,,,
5006,01/06/18 02:30:00  AM,7.970,,,,
5007,01/06/18 02:40:00  AM,7.945,,,,
5008,01/06/18 02:50:00  AM,8.045,,,,
5009,01/06/18 03:00:00  AM,8.095,,,,
5010,01/06/18 03:10:00  AM,8.020,,,,
5011,01/06/18 03:20:00  AM,8.070,,,,
5012,01/06/18 03:30:00  AM,8.045,,,,
5013,01/06/18 03:40:00  AM,8.145,,,,
5014,01/06/18 03:50:00  AM,8.220,,,,
5015,01/06/18 04:00:00  AM,8.220,,,,
5016,01/06/18 04:10:00  AM,8.245,,,,
5017,01/06/18 04:20:00  AM,8.220,,,,
5018,01/06/18 04:30:00  AM,8.220,,,,
5019,01/06/18 04:40:00  AM,8.220,,,,
5020,01/06/18 04:50:00  AM,8.195,,,,
5021,01/06/18 05:00:00  AM,8.170,,,,
5022,01/06/18 05:10:00  AM,8.170,,,,
5023,01/06/18 05:20:00  AM,8.220,,,,
5024,01/06/18 05:30:00  AM,8.270,,,,
5025,01/06/18 05:40:00  AM,8.270,,,,
5026,01/06/18 05:50:00  AM,8.270,,,,
5027,01/06/18 06:00:00  AM,8.245,,,,
5028,01/06/18 06:10:00  AM,8.270,,,,
5029,01/06/18 06:20:00  AM,8.270,,,,
5030,01/06/18 06:30:00  AM,8.344,,,,
5031,01/06/18 06:40:00  AM,8.344,,,,
5032,01/06/18 06:50:00  AM,8.344,,,,
5033,01/06/18 07:00:00  AM,8.369,,,,
5034,01/06/18 07:10:00  AM,8.394,,,,
5035,01/06/18 07:20:00  AM,8.394,,,,
5036,01/06/18 07:30:00  AM,8.394,,,,
5037,01/06/18 07:40:00  AM,8.394,,,,
5038,01/06/18 07:50:00  AM,8.394,,,,
5039,01/06/18 08:00:00  AM,8.394,,,,
5040,01/06/18 08:10:00  AM,8.394,,,,
5041,01/06/18 08:20:00  AM,8.394,,,,
5042,01/06/18 08:30:00  AM,8.394,,,,
5043,01/06/18 08:40:00  AM,8.394,,,,
5044,01/06/18 08:50:00  AM,8.419,,,,
5045,01/06/18 09:00:00  AM,8.419,,,,
5046,01/06/18 09:10:00  AM,8.394,,,,
5047,01/06/18 09:20:00  AM,8.369,,,,
5048,01/06/18 09:30:00  AM,8.344,,,,
5049,01/06/18 09:40:00  AM,8.344,,,,
5050,01/06/18 09:50:00  AM,8.319,,,,
5051,01/06/18 10:00:00  AM,8.295,,,,
5052,01/06/18 10:10:00  AM,8.270,,,,
5053,01/06/18 10:20:00  AM,8.220,,,,
5054,01/06/18 10:30:00  AM,8.195,,,,
5055,01/06/18 10:40:00  AM,8.145,,,,
5056,01/06/18 10:50:00  AM,8.145,,,,
5057,01/06/18 11:00:00  AM,8.170,,,,
5058,01/06/18 11:10:00  AM,8.220,,,,
5059,01/06/18 11:20:00  AM,8.095,,,,
5060,01/06/18 11:30:00  AM,8.045,,,,
5061,01/06/18 11:40:00  AM,8.020,,,,
5062,01/06/18 11:50:00  AM,7.995,,,,
5063,01/06/18 12:00:00  PM,7.970,,,,
5064,01/06/18 12:10:00  PM,7.945,,,,
5065,01/06/18 12:20:00  PM,7.945,,,,
5066,01/06/18 12:30:00  PM,7.945,,,,
5067,01/06/18 12:40:00  PM,7.920,,,,
5068,01/06/18 12:50:00  PM,7.895,,,,
5069,01/06/18 01:00:00  PM,7.920,,,,
5070,01/06/18 01:10:00  PM,7.895,,,,
5071,01/06/18 01:20:00  PM,8.045,,,,
5072,01/06/18 01:30:00  PM,7.895,,,,
5073,01/06/18 01:40:00  PM,7.995,,,,
5074,01/06/18 01:50:00  PM,8.045,,,,
5075,01/06/18 02:00:00  PM,7.970,,,,
5076,01/06/18 02:10:00  PM,8.020,,,,
5077,01/06/18 02:20:00  PM,8.070,,,,
5078,01/06/18 02:30:00  PM,8.020,,,,
5079,01/06/18 02:40:00  PM,8.020,,,,
5080,01/06/18 02:50:00  PM,8.020,,,,
5081,01/06/18 03:00:00  PM,8.045,,,,
5082,01/06/18 03:10:00  PM,8.045,,,,
5083,01/06/18 03:20:00  PM,8.045,,,,
5084,01/06/18 03:30:00  PM,8.045,,,,
5085,01/06/18 03:40:00  PM,8.070,,,,
5086,01/06/18 03:50:00  PM,8.120,,,,
5087,01/06/18 04:00:00  PM,8.120,,,,
5088,01/06/18 04:10:00  PM,8.145,,,,
5089,01/06/18 04:20:00  PM,8.170,,,,
5090,01/06/18 04:30:00  PM,8.170,,,,
5091,01/06/18 04:40:00  PM,8.170,,,,
5092,01/06/18 04:50:00  PM,8.170,,,,
5093,01/06/18 05:00:00  PM,8.170,,,,
5094,01/06/18 05:10:00  PM,8.170,,,,
5095,01/06/18 05:20:00  PM,8.195,,,,
5096,01/06/18 05:30:00  PM,8.170,,,,
5097,01/06/18 05:40:00  PM,8.170,,,,
5098,01/06/18 05:50:00  PM,8.170,,,,
5099,01/06/18 06:00:00  PM,8.220,,,,
5100,01/06/18 06:10:00  PM,8.220,,,,
5101,01/06/18 06:20:00  PM,8.220,,,,
5102,01/06/18 06:30:00  PM,8.245,,,,
5103,01/06/18 06:40:00  PM,8.245,,,,
5104,01/06/18 06:50:00  PM,8.220,,,,
5105,01/06/18 07:00:00  PM,8.220,,,,
5106,01/06/18 07:10:00  PM,8.245,,,,
5107,01/06/18 07:20:00  PM,8.245,,,,
5108,01/06/18 07:30:00  PM,8.220,,,,
5109,01/06/18 07:40:00  PM,8.220,,,,
5110,01/06/18 07:50:00  PM,8.245,,,,
5111,01/06/18 08:00:00  PM,8.220,,,,
5112,01/06/18 08:10:00  PM,8.220,,,,
5113,01/06/18 08:20:00  PM,8.220,,,,
5114,01/06/18 08:30:00  PM,8.220,,,,
5115,01/06/18 08:40:00  PM,8.195,,,,
5116,01/06/18 08:50:00  PM,8.195,,,,
5117,01/06/18 09:00:00  PM,8.170,,,,
5118,01/06/18 09:10:00  PM,8.195,,,,
5119,01/06/18 09:20:00  PM,8.220,,,,
5120,01/06/18 09:30:00  PM,8.195,,,,
5121,01/06/18 09:40:00  PM,8.195,,,,
5122,01/06/18 09:50:00  PM,8.195,,,,
5123,01/06/18 10:00:00  PM,8.170,,,,
5124,01/06/18 10:10:00  PM,8.170,,,,
5125,01/06/18 10:20:00  PM,8.145,,,,
5126,01/06/18 10:30:00  PM,8.120,,,,
5127,01/06/18 10:40:00  PM,8.095,,,,
5128,01/06/18 10:50:00  PM,8.045,,,,
5129,01/06/18 11:00:00  PM,8.045,,,,
5130,01/06/18 11:10:00  PM,7.995,,,,
5131,01/06/18 11:20:00  PM,7.970,,,,
5132,01/06/18 11:30:00  PM,7.920,,,,
5133,01/06/18 11:40:00  PM,7.945,,,,
5134,01/06/18 11:50:00  PM,7.895,,,,
5135,01/07/18 12:00:00  AM,7.845,,,,
5136,01/07/18 12:10:00  AM,7.920,,,,
5137,01/07/18 12:20:00  AM,7.920,,,,
5138,01/07/18 12:30:00  AM,7.970,,,,
5139,01/07/18 12:40:00  AM,7.895,,,,
5140,01/07/18 12:50:00  AM,7.945,,,,
5141,01/07/18 01:00:00  AM,7.995,,,,
5142,01/07/18 01:10:00  AM,7.995,,,,
5143,01/07/18 01:20:00  AM,7.970,,,,
5144,01/07/18 01:30:00  AM,7.870,,,,
5145,01/07/18 01:40:00  AM,7.795,,,,
5146,01/07/18 01:50:00  AM,7.745,,,,
5147,01/07/18 02:00:00  AM,7.795,,,,
5148,01/07/18 02:10:00  AM,7.795,,,,
5149,01/07/18 02:20:00  AM,7.770,,,,
5150,01/07/18 02:30:00  AM,7.895,,,,
5151,01/07/18 02:40:00  AM,7.895,,,,
5152,01/07/18 02:50:00  AM,7.845,,,,
5153,01/07/18 03:00:00  AM,7.795,,,,
5154,01/07/18 03:10:00  AM,7.820,,,,
5155,01/07/18 03:20:00  AM,7.870,,,,
5156,01/07/18 03:30:00  AM,7.720,,,,
5157,01/07/18 03:40:00  AM,7.770,,,,
5158,01/07/18 03:50:00  AM,7.945,,,,
5159,01/07/18 04:00:00  AM,7.970,,,,
5160,01/07/18 04:10:00  AM,8.095,,,,
5161,01/07/18 04:20:00  AM,8.070,,,,
5162,01/07/18 04:30:00  AM,7.895,,,,
5163,01/07/18 04:40:00  AM,7.845,,,,
5164,01/07/18 04:50:00  AM,7.845,,,,
5165,01/07/18 05:00:00  AM,7.845,,,,
5166,01/07/18 05:10:00  AM,7.820,,,,
5167,01/07/18 05:20:00  AM,7.820,,,,
5168,01/07/18 05:30:00  AM,7.895,,,,
5169,01/07/18 05:40:00  AM,7.895,,,,
5170,01/07/18 05:50:00  AM,7.820,,,,
5171,01/07/18 06:00:00  AM,7.895,,,,
5172,01/07/18 06:10:00  AM,7.945,,,,
5173,01/07/18 06:20:00  AM,7.920,,,,
5174,01/07/18 06:30:00  AM,7.895,,,,
5175,01/07/18 06:40:00  AM,7.995,,,,
5176,01/07/18 06:50:00  AM,8.045,,,,
5177,01/07/18 07:00:00  AM,8.095,,,,
5178,01/07/18 07:10:00  AM,8.095,,,,
5179,01/07/18 07:20:00  AM,8.095,,,,
5180,01/07/18 07:30:00  AM,8.120,,,,
5181,01/07/18 07:40:00  AM,8.195,,,,
5182,01/07/18 07:50:00  AM,8.220,,,,
5183,01/07/18 08:00:00  AM,8.245,,,,
5184,01/07/18 08:10:00  AM,8.220,,,,
5185,01/07/18 08:20:00  AM,8.220,,,,
5186,01/07/18 08:30:00  AM,8.195,,,,
5187,01/07/18 08:40:00  AM,8.220,,,,
5188,01/07/18 08:50:00  AM,8.245,,,,
5189,01/07/18 09:00:00  AM,8.220,,,,
5190,01/07/18 09:10:00  AM,8.145,,,,
5191,01/07/18 09:20:00  AM,8.120,,,,
5192,01/07/18 09:30:00  AM,8.220,,,,
5193,01/07/18 09:40:00  AM,8.095,,,,
5194,01/07/18 09:50:00  AM,8.070,,,,
5195,01/07/18 10:00:00  AM,8.070,,,,
5196,01/07/18 10:10:00  AM,8.070,,,,
5197,01/07/18 10:20:00  AM,8.095,,,,
5198,01/07/18 10:30:00  AM,8.095,,,,
5199,01/07/18 10:40:00  AM,8.070,,,,
5200,01/07/18 10:50:00  AM,8.120,,,,
5201,01/07/18 11:00:00  AM,8.070,,,,
5202,01/07/18 11:10:00  AM,8.020,,,,
5203,01/07/18 11:20:00  AM,7.945,,,,
5204,01/07/18 11:30:00  AM,7.895,,,,
5205,01/07/18 11:40:00  AM,7.920,,,,
5206,01/07/18 11:50:00  AM,7.870,,,,
5207,01/07/18 12:00:00  PM,7.845,,,,
5208,01/07/18 12:10:00  PM,7.845,,,,
5209,01/07/18 12:20:00  PM,7.895,,,,
5210,01/07/18 12:30:00  PM,7.920,,,,
5211,01/07/18 12:40:00  PM,7.920,,,,
5212,01/07/18 12:50:00  PM,7.970,,,,
5213,01/07/18 01:00:00  PM,7.945,,,,
5214,01/07/18 01:10:00  PM,7.945,,,,
5215,01/07/18 01:20:00  PM,7.920,,,,
5216,01/07/18 01:30:00  PM,7.920,,,,
5217,01/07/18 01:40:00  PM,7.920,,,,
5218,01/07/18 01:50:00  PM,7.895,,,,
5219,01/07/18 02:00:00  PM,7.870,,,,
5220,01/07/18 02:10:00  PM,7.895,,,,
5221,01/07/18 02:20:00  PM,7.920,,,,
5222,01/07/18 02:30:00  PM,7.920,,,,
5223,01/07/18 02:40:00  PM,7.895,,,,
5224,01/07/18 02:50:00  PM,7.895,,,,
5225,01/07/18 03:00:00  PM,7.970,,,,
5226,01/07/18 03:10:00  PM,7.995,,,,
5227,01/07/18 03:20:00  PM,8.020,,,,
5228,01/07/18 03:30:00  PM,8.045,,,,
5229,01/07/18 03:40:00  PM,8.070,,,,
5230,01/07/18 03:50:00  PM,8.070,,,,
5231,01/07/18 04:00:00  PM,8.095,,,,
5232,01/07/18 04:10:00  PM,8.095,,,,
5233,01/07/18 04:20:00  PM,8.070,,,,
5234,01/07/18 04:30:00  PM,8.095,,,,
5235,01/07/18 04:40:00  PM,8.095,,,,
5236,01/07/18 04:50:00  PM,8.070,,,,
5237,01/07/18 05:00:00  PM,8.120,,,,
5238,01/07/18 05:10:00  PM,8.120,,,,
5239,01/07/18 05:20:00  PM,8.120,,,,
5240,01/07/18 05:30:00  PM,8.120,,,,
5241,01/07/18 05:40:00  PM,8.120,,,,
5242,01/07/18 05:50:00  PM,8.120,,,,
5243,01/07/18 06:00:00  PM,8.145,,,,
5244,01/07/18 06:10:00  PM,8.120,,,,
5245,01/07/18 06:20:00  PM,8.145,,,,
5246,01/07/18 06:30:00  PM,8.145,,,,
5247,01/07/18 06:40:00  PM,8.145,,,,
5248,01/07/18 06:50:00  PM,8.145,,,,
5249,01/07/18 07:00:00  PM,8.145,,,,
5250,01/07/18 07:10:00  PM,8.145,,,,
5251,01/07/18 07:20:00  PM,8.145,,,,
5252,01/07/18 07:30:00  PM,8.170,,,,
5253,01/07/18 07:40:00  PM,8.220,,,,
5254,01/07/18 07:50:00  PM,8.220,,,,
5255,01/07/18 08:00:00  PM,8.220,,,,
5256,01/07/18 08:10:00  PM,8.245,,,,
5257,01/07/18 08:20:00  PM,8.220,,,,
5258,01/07/18 08:30:00  PM,8.245,,,,
5259,01/07/18 08:40:00  PM,8.245,,,,
5260,01/07/18 08:50:00  PM,8.220,,,,
5261,01/07/18 09:00:00  PM,8.220,,,,
5262,01/07/18 09:10:00  PM,8.220,,,,
5263,01/07/18 09:20:00  PM,8.195,,,,
5264,01/07/18 09:30:00  PM,8.195,,,,
5265,01/07/18 09:40:00  PM,8.195,,,,
5266,01/07/18 09:50:00  PM,8.195,,,,
5267,01/07/18 10:00:00  PM,8.195,,,,
5268,01/07/18 10:10:00  PM,8.195,,,,
5269,01/07/18 10:20:00  PM,8.170,,,,
5270,01/07/18 10:30:00  PM,8.170,,,,
5271,01/07/18 10:40:00  PM,8.170,,,,
5272,01/07/18 10:50:00  PM,8.170,,,,
5273,01/07/18 11:00:00  PM,8.145,,,,
5274,01/07/18 11:10:00  PM,8.145,,,,
5275,01/07/18 11:20:00  PM,8.120,,,,
5276,01/07/18 11:30:00  PM,8.120,,,,
5277,01/07/18 11:40:00  PM,8.120,,,,
5278,01/07/18 11:50:00  PM,8.095,,,,
5279,01/08/18 12:00:00  AM,8.070,,,,
5280,01/08/18 12:10:00  AM,8.045,,,,
5281,01/08/18 12:20:00  AM,8.020,,,,
5282,01/08/18 12:30:00  AM,8.095,,,,
5283,01/08/18 12:40:00  AM,8.045,,,,
5284,01/08/18 12:50:00  AM,7.995,,,,
5285,01/08/18 01:00:00  AM,7.995,,,,
5286,01/08/18 01:10:00  AM,7.995,,,,
5287,01/08/18 01:20:00  AM,7.970,,,,
5288,01/08/18 01:30:00  AM,7.970,,,,
5289,01/08/18 01:40:00  AM,7.970,,,,
5290,01/08/18 01:50:00  AM,8.070,,,,
5291,01/08/18 02:00:00  AM,8.070,,,,
5292,01/08/18 02:10:00  AM,8.070,,,,
5293,01/08/18 02:20:00  AM,8.070,,,,
5294,01/08/18 02:30:00  AM,8.070,,,,
5295,01/08/18 02:40:00  AM,8.020,,,,
5296,01/08/18 02:50:00  AM,8.020,,,,
5297,01/08/18 03:00:00  AM,8.020,,,,
5298,01/08/18 03:10:00  AM,8.045,,,,
5299,01/08/18 03:20:00  AM,8.020,,,,
5300,01/08/18 03:30:00  AM,8.020,,,,
5301,01/08/18 03:40:00  AM,7.970,,,,
5302,01/08/18 03:50:00  AM,7.970,,,,
5303,01/08/18 04:00:00  AM,7.945,,,,
5304,01/08/18 04:10:00  AM,7.970,,,,
5305,01/08/18 04:20:00  AM,7.945,,,,
5306,01/08/18 04:30:00  AM,7.920,,,,
5307,01/08/18 04:40:00  AM,7.920,,,,
5308,01/08/18 04:50:00  AM,7.920,,,,
5309,01/08/18 05:00:00  AM,7.945,,,,
5310,01/08/18 05:10:00  AM,7.945,,,,
5311,01/08/18 05:20:00  AM,7.970,,,,
5312,01/08/18 05:30:00  AM,7.970,,,,
5313,01/08/18 05:40:00  AM,7.970,,,,
5314,01/08/18 05:50:00  AM,7.995,,,,
5315,01/08/18 06:00:00  AM,8.020,,,,
5316,01/08/18 06:10:00  AM,8.020,,,,
5317,01/08/18 06:20:00  AM,8.020,,,,
5318,01/08/18 06:30:00  AM,8.020,,,,
5319,01/08/18 06:40:00  AM,8.020,,,,
5320,01/08/18 06:50:00  AM,8.070,,,,
5321,01/08/18 07:00:00  AM,8.070,,,,
5322,01/08/18 07:10:00  AM,8.045,,,,
5323,01/08/18 07:20:00  AM,8.020,,,,
5324,01/08/18 07:30:00  AM,8.020,,,,
5325,01/08/18 07:40:00  AM,7.995,,,,
5326,01/08/18 07:50:00  AM,8.020,,,,
5327,01/08/18 08:00:00  AM,8.020,,,,
5328,01/08/18 08:10:00  AM,8.045,,,,
5329,01/08/18 08:20:00  AM,8.095,,,,
5330,01/08/18 08:30:00  AM,8.120,,,,
5331,01/08/18 08:40:00  AM,8.170,,,,
5332,01/08/18 08:50:00  AM,8.195,,,,
5333,01/08/18 09:00:00  AM,8.245,,,,
5334,01/08/18 09:10:00  AM,8.220,,,,
5335,01/08/18 09:20:00  AM,8.170,,,,
5336,01/08/18 09:30:00  AM,8.170,,,,
5337,01/08/18 09:40:00  AM,8.170,,,,
5338,01/08/18 09:50:00  AM,8.170,,,,
5339,01/08/18 10:00:00  AM,8.145,,,,
5340,01/08/18 10:10:00  AM,8.145,,,,
5341,01/08/18 10:20:00  AM,8.145,,,,
5342,01/08/18 10:30:00  AM,8.145,,,,
5343,01/08/18 10:40:00  AM,8.145,,,,
5344,01/08/18 10:50:00  AM,8.120,,,,
5345,01/08/18 11:00:00  AM,8.120,,,,
5346,01/08/18 11:10:00  AM,8.120,,,,
5347,01/08/18 11:20:00  AM,8.120,,,,
5348,01/08/18 11:30:00  AM,8.120,,,,
5349,01/08/18 11:40:00  AM,8.120,,,,
5350,01/08/18 11:50:00  AM,8.095,,,,
5351,01/08/18 12:00:00  PM,8.095,,,,
5352,01/08/18 12:10:00  PM,8.070,,,,
5353,01/08/18 12:20:00  PM,8.045,,,,
5354,01/08/18 12:30:00  PM,8.045,,,,
5355,01/08/18 12:40:00  PM,8.020,,,,
5356,01/08/18 12:50:00  PM,8.020,,,,
5357,01/08/18 01:00:00  PM,7.995,,,,
5358,01/08/18 01:10:00  PM,7.995,,,,
5359,01/08/18 01:20:00  PM,7.995,,,,
5360,01/08/18 01:30:00  PM,7.970,,,,
5361,01/08/18 01:40:00  PM,7.970,,,,
5362,01/08/18 01:50:00  PM,7.970,,,,
5363,01/08/18 02:00:00  PM,7.945,,,,
5364,01/08/18 02:10:00  PM,7.945,,,,
5365,01/08/18 02:20:00  PM,7.945,,,,
5366,01/08/18 02:30:00  PM,7.920,,,,
5367,01/08/18 02:40:00  PM,7.920,,,,
5368,01/08/18 02:50:00  PM,7.920,,,,
5369,01/08/18 03:00:00  PM,7.920,,,,
5370,01/08/18 03:10:00  PM,7.920,,,,
5371,01/08/18 03:20:00  PM,7.895,,,,
5372,01/08/18 03:30:00  PM,7.920,,,,
5373,01/08/18 03:40:00  PM,7.920,,,,
5374,01/08/18 03:50:00  PM,7.970,,,,
5375,01/08/18 04:00:00  PM,7.945,,,,
5376,01/08/18 04:10:00  PM,7.945,,,,
5377,01/08/18 04:20:00  PM,7.945,,,,
5378,01/08/18 04:30:00  PM,7.945,,,,
5379,01/08/18 04:40:00  PM,7.945,,,,
5380,01/08/18 04:50:00  PM,7.945,,,,
5381,01/08/18 05:00:00  PM,7.945,,,,
5382,01/08/18 05:10:00  PM,7.945,,,,
5383,01/08/18 05:20:00  PM,7.945,,,,
5384,01/08/18 05:30:00  PM,7.945,,,,
5385,01/08/18 05:40:00  PM,7.945,,,,
5386,01/08/18 05:50:00  PM,7.970,,,,
5387,01/08/18 06:00:00  PM,7.945,,,,
5388,01/08/18 06:10:00  PM,7.995,,,,
5389,01/08/18 06:20:00  PM,7.970,,,,
5390,01/08/18 06:30:00  PM,7.995,,,,
5391,01/08/18 06:40:00  PM,7.970,,,,
5392,01/08/18 06:50:00  PM,7.970,,,,
5393,01/08/18 07:00:00  PM,7.970,,,,
5394,01/08/18 07:10:00  PM,7.970,,,,
5395,01/08/18 07:20:00  PM,7.970,,,,
5396,01/08/18 07:30:00  PM,7.970,,,,
5397,01/08/18 07:40:00  PM,7.970,,,,
5398,01/08/18 07:50:00  PM,7.970,,,,
5399,01/08/18 08:00:00  PM,8.045,,,,
5400,01/08/18 08:10:00  PM,8.095,,,,
5401,01/08/18 08:20:00  PM,8.070,,,,
5402,01/08/18 08:30:00  PM,8.070,,,,
5403,01/08/18 08:40:00  PM,8.070,,,,
5404,01/08/18 08:50:00  PM,8.045,,,,
5405,01/08/18 09:00:00  PM,8.045,,,,
5406,01/08/18 09:10:00  PM,8.045,,,,
5407,01/08/18 09:20:00  PM,8.045,,,,
5408,01/08/18 09:30:00  PM,8.045,,,,
5409,01/08/18 09:40:00  PM,8.070,,,,
5410,01/08/18 09:50:00  PM,8.070,,,,
5411,01/08/18 10:00:00  PM,8.045,,,,
5412,01/08/18 10:10:00  PM,8.045,,,,
5413,01/08/18 10:20:00  PM,8.045,,,,
5414,01/08/18 10:30:00  PM,8.045,,,,
5415,01/08/18 10:40:00  PM,8.045,,,,
5416,01/08/18 10:50:00  PM,8.045,,,,
5417,01/08/18 11:00:00  PM,8.070,,,,
5418,01/08/18 11:10:00  PM,8.070,,,,
5419,01/08/18 11:20:00  PM,8.045,,,,
5420,01/08/18 11:30:00  PM,8.045,,,,
5421,01/08/18 11:40:00  PM,8.045,,,,
5422,01/08/18 11:50:00  PM,8.045,,,,
5423,01/09/18 12:00:00  AM,8.020,,,,
5424,01/09/18 12:10:00  AM,8.020,,,,
5425,01/09/18 12:20:00  AM,8.020,,,,
5426,01/09/18 12:30:00  AM,8.020,,,,
5427,01/09/18 12:40:00  AM,8.020,,,,
5428,01/09/18 12:50:00  AM,7.995,,,,
5429,01/09/18 01:00:00  AM,7.995,,,,
5430,01/09/18 01:10:00  AM,7.995,,,,
5431,01/09/18 01:20:00  AM,7.970,,,,
5432,01/09/18 01:30:00  AM,7.970,,,,
5433,01/09/18 01:40:00  AM,7.945,,,,
5434,01/09/18 01:50:00  AM,7.970,,,,
5435,01/09/18 02:00:00  AM,7.920,,,,
5436,01/09/18 02:10:00  AM,7.945,,,,
5437,01/09/18 02:20:00  AM,7.920,,,,
5438,01/09/18 02:30:00  AM,7.945,,,,
5439,01/09/18 02:40:00  AM,7.995,,,,
5440,01/09/18 02:50:00  AM,7.995,,,,
5441,01/09/18 03:00:00  AM,8.020,,,,
5442,01/09/18 03:10:00  AM,8.020,,,,
5443,01/09/18 03:20:00  AM,7.995,,,,
5444,01/09/18 03:30:00  AM,7.995,,,,
5445,01/09/18 03:40:00  AM,7.995,,,,
5446,01/09/18 03:50:00  AM,7.995,,,,
5447,01/09/18 04:00:00  AM,7.995,,,,
5448,01/09/18 04:10:00  AM,7.970,,,,
5449,01/09/18 04:20:00  AM,7.970,,,,
5450,01/09/18 04:30:00  AM,7.970,,,,
5451,01/09/18 04:40:00  AM,7.945,,,,
5452,01/09/18 04:50:00  AM,7.945,,,,
5453,01/09/18 05:00:00  AM,7.920,,,,
5454,01/09/18 05:10:00  AM,7.945,,,,
5455,01/09/18 05:20:00  AM,7.895,,,,
5456,01/09/18 05:30:00  AM,7.895,,,,
5457,01/09/18 05:40:00  AM,7.870,,,,
5458,01/09/18 05:50:00  AM,7.870,,,,
5459,01/09/18 06:00:00  AM,7.870,,,,
5460,01/09/18 06:10:00  AM,7.895,,,,
5461,01/09/18 06:20:00  AM,7.870,,,,
5462,01/09/18 06:30:00  AM,7.895,,,,
5463,01/09/18 06:40:00  AM,7.895,,,,
5464,01/09/18 06:50:00  AM,7.870,,,,
5465,01/09/18 07:00:00  AM,7.895,,,,
5466,01/09/18 07:10:00  AM,7.870,,,,
5467,01/09/18 07:20:00  AM,7.870,,,,
5468,01/09/18 07:30:00  AM,7.870,,,,
5469,01/09/18 07:40:00  AM,7.920,,,,
5470,01/09/18 07:50:00  AM,7.920,,,,
5471,01/09/18 08:00:00  AM,7.945,,,,
5472,01/09/18 08:10:00  AM,7.945,,,,
5473,01/09/18 08:20:00  AM,7.945,,,,
5474,01/09/18 08:30:00  AM,7.945,,,,
5475,01/09/18 08:40:00  AM,7.970,,,,
5476,01/09/18 08:50:00  AM,7.970,,,,
5477,01/09/18 09:00:00  AM,7.945,,,,
5478,01/09/18 09:10:00  AM,7.945,,,,
5479,01/09/18 09:20:00  AM,7.945,,,,
5480,01/09/18 09:30:00  AM,7.970,,,,
5481,01/09/18 09:40:00  AM,7.970,,,,
5482,01/09/18 09:50:00  AM,7.995,,,,
5483,01/09/18 10:00:00  AM,7.920,,,,
5484,01/09/18 10:10:00  AM,7.995,,,,
5485,01/09/18 10:20:00  AM,7.995,,,,
5486,01/09/18 10:30:00  AM,8.020,,,,
5487,01/09/18 10:40:00  AM,8.045,,,,
5488,01/09/18 10:50:00  AM,8.020,,,,
5489,01/09/18 11:00:00  AM,8.020,,,,
5490,01/09/18 11:10:00  AM,8.020,,,,
5491,01/09/18 11:20:00  AM,8.020,,,,
5492,01/09/18 11:30:00  AM,7.995,,,,
5493,01/09/18 11:40:00  AM,7.995,,,,
5494,01/09/18 11:50:00  AM,7.995,,,,
5495,01/09/18 12:00:00  PM,7.995,,,,
5496,01/09/18 12:10:00  PM,7.970,,,,
5497,01/09/18 12:20:00  PM,7.995,,,,
5498,01/09/18 12:30:00  PM,7.970,,,,
5499,01/09/18 12:40:00  PM,7.970,,,,
5500,01/09/18 12:50:00  PM,7.970,,,,
5501,01/09/18 01:00:00  PM,7.945,,,,
5502,01/09/18 01:10:00  PM,7.945,,,,
5503,01/09/18 01:20:00  PM,7.945,,,,
5504,01/09/18 01:30:00  PM,7.920,,,,
5505,01/09/18 01:40:00  PM,7.920,,,,
5506,01/09/18 01:50:00  PM,7.920,,,,
5507,01/09/18 02:00:00  PM,7.920,,,,
5508,01/09/18 02:10:00  PM,7.920,,,,
5509,01/09/18 02:20:00  PM,7.895,,,,
5510,01/09/18 02:30:00  PM,7.895,,,,
5511,01/09/18 02:40:00  PM,7.870,,,,
5512,01/09/18 02:50:00  PM,7.870,,,,
5513,01/09/18 03:00:00  PM,7.870,,,,
5514,01/09/18 03:10:00  PM,7.870,,,,
5515,01/09/18 03:20:00  PM,7.870,,,,
5516,01/09/18 03:30:00  PM,7.870,,,,
5517,01/09/18 03:40:00  PM,7.870,,,,
5518,01/09/18 03:50:00  PM,7.845,,,,
5519,01/09/18 04:00:00  PM,7.845,,,,
5520,01/09/18 04:10:00  PM,7.845,,,,
5521,01/09/18 04:20:00  PM,7.845,,,,
5522,01/09/18 04:30:00  PM,7.845,,,,
5523,01/09/18 04:40:00  PM,7.845,,,,
5524,01/09/18 04:50:00  PM,7.820,,,,
5525,01/09/18 05:00:00  PM,7.820,,,,
5526,01/09/18 05:10:00  PM,7.845,,,,
5527,01/09/18 05:20:00  PM,7.845,,,,
5528,01/09/18 05:30:00  PM,7.895,,,,
5529,01/09/18 05:40:00  PM,7.895,,,,
5530,01/09/18 05:50:00  PM,7.870,,,,
5531,01/09/18 06:00:00  PM,7.870,,,,
5532,01/09/18 06:10:00  PM,7.870,,,,
5533,01/09/18 06:20:00  PM,7.870,,,,
5534,01/09/18 06:30:00  PM,7.895,,,,
5535,01/09/18 06:40:00  PM,7.870,,,,
5536,01/09/18 06:50:00  PM,7.870,,,,
5537,01/09/18 07:00:00  PM,7.870,,,,
5538,01/09/18 07:10:00  PM,7.895,,,,
5539,01/09/18 07:20:00  PM,7.870,,,,
5540,01/09/18 07:30:00  PM,7.895,,,,
5541,01/09/18 07:40:00  PM,7.870,,,,
5542,01/09/18 07:50:00  PM,7.870,,,,
5543,01/09/18 08:00:00  PM,7.870,,,,
5544,01/09/18 08:10:00  PM,7.870,,,,
5545,01/09/18 08:20:00  PM,7.870,,,,
5546,01/09/18 08:30:00  PM,7.845,,,,
5547,01/09/18 08:40:00  PM,7.845,,,,
5548,01/09/18 08:50:00  PM,7.870,,,,
5549,01/09/18 09:00:00  PM,7.895,,,,
5550,01/09/18 09:10:00  PM,7.870,,,,
5551,01/09/18 09:20:00  PM,7.870,,,,
5552,01/09/18 09:30:00  PM,7.895,,,,
5553,01/09/18 09:40:00  PM,7.870,,,,
5554,01/09/18 09:50:00  PM,7.895,,,,
5555,01/09/18 10:00:00  PM,7.895,,,,
5556,01/09/18 10:10:00  PM,7.895,,,,
5557,01/09/18 10:20:00  PM,7.895,,,,
5558,01/09/18 10:30:00  PM,7.895,,,,
5559,01/09/18 10:40:00  PM,7.895,,,,
5560,01/09/18 10:50:00  PM,7.945,,,,
5561,01/09/18 11:00:00  PM,7.920,,,,
5562,01/09/18 11:10:00  PM,7.920,,,,
5563,01/09/18 11:20:00  PM,7.895,,,,
5564,01/09/18 11:30:00  PM,7.920,,,,
5565,01/09/18 11:40:00  PM,7.895,,,,
5566,01/09/18 11:50:00  PM,7.895,,,,
5567,01/10/18 12:00:00  AM,7.920,,,,
5568,01/10/18 12:10:00  AM,7.920,,,,
5569,01/10/18 12:20:00  AM,7.920,,,,
5570,01/10/18 12:30:00  AM,7.895,,,,
5571,01/10/18 12:40:00  AM,7.895,,,,
5572,01/10/18 12:50:00  AM,7.895,,,,
5573,01/10/18 01:00:00  AM,7.895,,,,
5574,01/10/18 01:10:00  AM,7.895,,,,
5575,01/10/18 01:20:00  AM,7.895,,,,
5576,01/10/18 01:30:00  AM,7.870,,,,
5577,01/10/18 01:40:00  AM,7.870,,,,
5578,01/10/18 01:50:00  AM,7.870,,,,
5579,01/10/18 02:00:00  AM,7.870,,,,
5580,01/10/18 02:10:00  AM,7.845,,,,
5581,01/10/18 02:20:00  AM,7.845,,,,
5582,01/10/18 02:30:00  AM,7.845,,,,
5583,01/10/18 02:40:00  AM,7.820,,,,
5584,01/10/18 02:50:00  AM,7.820,,,,
5585,01/10/18 03:00:00  AM,7.820,,,,
5586,01/10/18 03:10:00  AM,7.820,,,,
5587,01/10/18 03:20:00  AM,7.820,,,,
5588,01/10/18 03:30:00  AM,7.820,,,,
5589,01/10/18 03:40:00  AM,7.820,,,,
5590,01/10/18 03:50:00  AM,7.820,,,,
5591,01/10/18 04:00:00  AM,7.820,,,,
5592,01/10/18 04:10:00  AM,7.820,,,,
5593,01/10/18 04:20:00  AM,7.820,,,,
5594,01/10/18 04:30:00  AM,7.845,,,,
5595,01/10/18 04:40:00  AM,7.820,,,,
5596,01/10/18 04:50:00  AM,7.820,,,,
5597,01/10/18 05:00:00  AM,7.820,,,,
5598,01/10/18 05:10:00  AM,7.820,,,,
5599,01/10/18 05:20:00  AM,7.820,,,,
5600,01/10/18 05:30:00  AM,7.795,,,,
5601,01/10/18 05:40:00  AM,7.820,,,,
5602,01/10/18 05:50:00  AM,7.820,,,,
5603,01/10/18 06:00:00  AM,7.795,,,,
5604,01/10/18 06:10:00  AM,7.795,,,,
5605,01/10/18 06:20:00  AM,7.820,,,,
5606,01/10/18 06:30:00  AM,7.820,,,,
5607,01/10/18 06:40:00  AM,7.820,,,,
5608,01/10/18 06:50:00  AM,7.820,,,,
5609,01/10/18 07:00:00  AM,7.820,,,,
5610,01/10/18 07:10:00  AM,7.820,,,,
5611,01/10/18 07:20:00  AM,7.820,,,,
5612,01/10/18 07:30:00  AM,7.820,,,,
5613,01/10/18 07:40:00  AM,7.820,,,,
5614,01/10/18 07:50:00  AM,7.845,,,,
5615,01/10/18 08:00:00  AM,7.845,,,,
5616,01/10/18 08:10:00  AM,7.870,,,,
5617,01/10/18 08:20:00  AM,7.870,,,,
5618,01/10/18 08:30:00  AM,7.870,,,,
5619,01/10/18 08:40:00  AM,7.870,,,,
5620,01/10/18 08:50:00  AM,7.870,,,,
5621,01/10/18 09:00:00  AM,7.870,,,,
5622,01/10/18 09:10:00  AM,7.870,,,,
5623,01/10/18 09:20:00  AM,7.870,,,,
5624,01/10/18 09:30:00  AM,7.895,,,,
5625,01/10/18 09:40:00  AM,7.920,,,,
5626,01/10/18 09:50:00  AM,7.920,,,,
5627,01/10/18 10:00:00  AM,7.895,,,,
5628,01/10/18 10:10:00  AM,7.920,,,,
5629,01/10/18 10:20:00  AM,7.920,,,,
5630,01/10/18 10:30:00  AM,7.920,,,,
5631,01/10/18 10:40:00  AM,7.920,,,,
5632,01/10/18 10:50:00  AM,7.920,,,,
5633,01/10/18 11:00:00  AM,7.920,,,,
5634,01/10/18 11:10:00  AM,7.920,,,,
5635,01/10/18 11:20:00  AM,7.920,,,,
5636,01/10/18 11:30:00  AM,7.920,,,,
5637,01/10/18 11:40:00  AM,7.895,,,,
5638,01/10/18 11:50:00  AM,7.895,,,,
5639,01/10/18 12:00:00  PM,7.895,,,,
5640,01/10/18 12:10:00  PM,7.895,,,,
5641,01/10/18 12:20:00  PM,7.895,,,,
5642,01/10/18 12:30:00  PM,7.895,,,,
5643,01/10/18 12:40:00  PM,7.920,,,,
5644,01/10/18 12:50:00  PM,7.945,,,,
5645,01/10/18 01:00:00  PM,7.945,,,,
5646,01/10/18 01:10:00  PM,7.920,,,,
5647,01/10/18 01:20:00  PM,7.920,,,,
5648,01/10/18 01:30:00  PM,7.920,,,,
5649,01/10/18 01:40:00  PM,7.920,,,,
5650,01/10/18 01:50:00  PM,7.920,,,,
5651,01/10/18 02:00:00  PM,7.920,,,,
5652,01/10/18 02:10:00  PM,7.920,,,,
5653,01/10/18 02:20:00  PM,7.920,,,,
5654,01/10/18 02:30:00  PM,7.920,,,,
5655,01/10/18 02:40:00  PM,7.920,,,,
5656,01/10/18 02:50:00  PM,7.920,,,,
5657,01/10/18 03:00:00  PM,7.895,,,,
5658,01/10/18 03:10:00  PM,7.895,,,,
5659,01/10/18 03:20:00  PM,7.895,,,,
5660,01/10/18 03:30:00  PM,7.895,,,,
5661,01/10/18 03:40:00  PM,7.870,,,,
5662,01/10/18 03:50:00  PM,7.845,,,,
5663,01/10/18 04:00:00  PM,7.845,,,,
5664,01/10/18 04:10:00  PM,7.845,,,,
5665,01/10/18 04:20:00  PM,7.845,,,,
5666,01/10/18 04:30:00  PM,7.870,,,,
5667,01/10/18 04:40:00  PM,7.845,,,,
5668,01/10/18 04:50:00  PM,7.845,,,,
5669,01/10/18 05:00:00  PM,7.870,,,,
5670,01/10/18 05:10:00  PM,7.820,,,,
5671,01/10/18 05:20:00  PM,7.820,,,,
5672,01/10/18 05:30:00  PM,7.820,,,,
5673,01/10/18 05:40:00  PM,7.820,,,,
5674,01/10/18 05:50:00  PM,7.870,,,,
5675,01/10/18 06:00:00  PM,7.895,,,,
5676,01/10/18 06:10:00  PM,7.920,,,,
5677,01/10/18 06:20:00  PM,7.895,,,,
5678,01/10/18 06:30:00  PM,7.895,,,,
5679,01/10/18 06:40:00  PM,7.895,,,,
5680,01/10/18 06:50:00  PM,7.895,,,,
5681,01/10/18 07:00:00  PM,7.895,,,,
5682,01/10/18 07:10:00  PM,7.920,,,,
5683,01/10/18 07:20:00  PM,7.895,,,,
5684,01/10/18 07:30:00  PM,7.920,,,,
5685,01/10/18 07:40:00  PM,7.920,,,,
5686,01/10/18 07:50:00  PM,7.920,,,,
5687,01/10/18 08:00:00  PM,7.920,,,,
5688,01/10/18 08:10:00  PM,7.920,,,,
5689,01/10/18 08:20:00  PM,7.920,,,,
5690,01/10/18 08:30:00  PM,7.920,,,,
5691,01/10/18 08:40:00  PM,7.895,,,,
5692,01/10/18 08:50:00  PM,7.895,,,,
5693,01/10/18 09:00:00  PM,7.895,,,,
5694,01/10/18 09:10:00  PM,7.920,,,,
5695,01/10/18 09:20:00  PM,7.920,,,,
5696,01/10/18 09:30:00  PM,7.895,,,,
5697,01/10/18 09:40:00  PM,7.895,,,,
5698,01/10/18 09:50:00  PM,7.895,,,,
5699,01/10/18 10:00:00  PM,7.895,,,,
5700,01/10/18 10:10:00  PM,7.895,,,,
5701,01/10/18 10:20:00  PM,7.895,,,,
5702,01/10/18 10:30:00  PM,7.895,,,,
5703,01/10/18 10:40:00  PM,7.895,,,,
5704,01/10/18 10:50:00  PM,7.895,,,,
5705,01/10/18 11:00:00  PM,7.895,,,,
5706,01/10/18 11:10:00  PM,7.895,,,,
5707,01/10/18 11:20:00  PM,7.895,,,,
5708,01/10/18 11:30:00  PM,7.895,,,,
5709,01/10/18 11:40:00  PM,7.895,,,,
5710,01/10/18 11:50:00  PM,7.895,,,,
5711,01/11/18 12:00:00  AM,7.895,,,,
5712,01/11/18 12:10:00  AM,7.920,,,,
5713,01/11/18 12:20:00  AM,7.920,,,,
5714,01/11/18 12:30:00  AM,7.920,,,,
5715,01/11/18 12:40:00  AM,7.920,,,,
5716,01/11/18 12:50:00  AM,7.945,,,,
5717,01/11/18 01:00:00  AM,7.920,,,,
5718,01/11/18 01:10:00  AM,7.920,,,,
5719,01/11/18 01:20:00  AM,7.920,,,,
5720,01/11/18 01:30:00  AM,7.945,,,,
5721,01/11/18 01:40:00  AM,7.945,,,,
5722,01/11/18 01:50:00  AM,7.945,,,,
5723,01/11/18 02:00:00  AM,7.945,,,,
5724,01/11/18 02:10:00  AM,7.920,,,,
5725,01/11/18 02:20:00  AM,7.920,,,,
5726,01/11/18 02:30:00  AM,7.920,,,,
5727,01/11/18 02:40:00  AM,7.920,,,,
5728,01/11/18 02:50:00  AM,7.920,,,,
5729,01/11/18 03:00:00  AM,7.895,,,,
5730,01/11/18 03:10:00  AM,7.895,,,,
5731,01/11/18 03:20:00  AM,7.895,,,,
5732,01/11/18 03:30:00  AM,7.895,,,,
5733,01/11/18 03:40:00  AM,7.895,,,,
5734,01/11/18 03:50:00  AM,7.870,,,,
5735,01/11/18 04:00:00  AM,7.870,,,,
5736,01/11/18 04:10:00  AM,7.870,,,,
5737,01/11/18 04:20:00  AM,7.845,,,,
5738,01/11/18 04:30:00  AM,7.870,,,,
5739,01/11/18 04:40:00  AM,7.870,,,,
5740,01/11/18 04:50:00  AM,7.870,,,,
5741,01/11/18 05:00:00  AM,7.870,,,,
5742,01/11/18 05:10:00  AM,7.870,,,,
5743,01/11/18 05:20:00  AM,7.870,,,,
5744,01/11/18 05:30:00  AM,7.870,,,,
5745,01/11/18 05:40:00  AM,7.870,,,,
5746,01/11/18 05:50:00  AM,7.870,,,,
5747,01/11/18 06:00:00  AM,7.870,,,,
5748,01/11/18 06:10:00  AM,7.870,,,,
5749,01/11/18 06:20:00  AM,7.870,,,,
5750,01/11/18 06:30:00  AM,7.870,,,,
5751,01/11/18 06:40:00  AM,7.845,,,,
5752,01/11/18 06:50:00  AM,7.845,,,,
5753,01/11/18 07:00:00  AM,7.870,,,,
5754,01/11/18 07:10:00  AM,7.870,,,,
5755,01/11/18 07:20:00  AM,7.870,,,,
5756,01/11/18 07:30:00  AM,7.870,,,,
5757,01/11/18 07:40:00  AM,7.870,,,,
5758,01/11/18 07:50:00  AM,7.870,,,,
5759,01/11/18 08:00:00  AM,7.895,,,,
5760,01/11/18 08:10:00  AM,7.895,,,,
5761,01/11/18 08:20:00  AM,7.895,,,,
5762,01/11/18 08:30:00  AM,7.920,,,,
5763,01/11/18 08:40:00  AM,7.945,,,,
5764,01/11/18 08:50:00  AM,8.045,,,,
5765,01/11/18 09:00:00  AM,7.995,,,,
5766,01/11/18 09:10:00  AM,7.995,,,,
5767,01/11/18 09:20:00  AM,8.045,,,,
5768,01/11/18 09:30:00  AM,8.070,,,,
5769,01/11/18 09:40:00  AM,8.045,,,,
5770,01/11/18 09:50:00  AM,8.095,,,,
5771,01/11/18 10:00:00  AM,8.120,,,,
5772,01/11/18 10:10:00  AM,8.120,,,,
5773,01/11/18 10:20:00  AM,8.145,,,,
5774,01/11/18 10:30:00  AM,8.120,,,,
5775,01/11/18 10:40:00  AM,8.145,,,,
5776,01/11/18 10:50:00  AM,8.120,,,,
5777,01/11/18 11:00:00  AM,8.145,,,,
5778,01/11/18 11:10:00  AM,8.120,,,,
5779,01/11/18 11:20:00  AM,8.095,,,,
5780,01/11/18 11:30:00  AM,8.095,,,,
5781,01/11/18 11:40:00  AM,8.095,,,,
5782,01/11/18 11:50:00  AM,8.095,,,,
5783,01/11/18 12:00:00  PM,8.095,,,,
5784,01/11/18 12:10:00  PM,8.095,,,,
5785,01/11/18 12:20:00  PM,8.095,,,,
5786,01/11/18 12:30:00  PM,8.095,,,,
5787,01/11/18 12:40:00  PM,8.120,,,,
5788,01/11/18 12:50:00  PM,8.120,,,,
5789,01/11/18 01:00:00  PM,8.120,,,,
5790,01/11/18 01:10:00  PM,8.095,,,,
5791,01/11/18 01:20:00  PM,8.070,,,,
5792,01/11/18 01:30:00  PM,8.070,,,,
5793,01/11/18 01:40:00  PM,8.070,,,,
5794,01/11/18 01:50:00  PM,8.070,,,,
5795,01/11/18 02:00:00  PM,8.070,,,,
5796,01/11/18 02:10:00  PM,8.070,,,,
5797,01/11/18 02:20:00  PM,8.070,,,,
5798,01/11/18 02:30:00  PM,8.070,,,,
5799,01/11/18 02:40:00  PM,8.070,,,,
5800,01/11/18 02:50:00  PM,8.045,,,,
5801,01/11/18 03:00:00  PM,8.020,,,,
5802,01/11/18 03:10:00  PM,8.020,,,,
5803,01/11/18 03:20:00  PM,8.020,,,,
5804,01/11/18 03:30:00  PM,8.020,,,,
5805,01/11/18 03:40:00  PM,8.020,,,,
5806,01/11/18 03:50:00  PM,7.995,,,,
5807,01/11/18 04:00:00  PM,7.995,,,,
5808,01/11/18 04:10:00  PM,7.970,,,,
5809,01/11/18 04:20:00  PM,7.895,,,,
5810,01/11/18 04:30:00  PM,7.895,,,,
5811,01/11/18 04:40:00  PM,7.895,,,,
5812,01/11/18 04:50:00  PM,7.920,,,,
5813,01/11/18 05:00:00  PM,7.895,,,,
5814,01/11/18 05:10:00  PM,7.920,,,,
5815,01/11/18 05:20:00  PM,7.895,,,,
5816,01/11/18 05:30:00  PM,7.920,,,,
5817,01/11/18 05:40:00  PM,7.920,,,,
5818,01/11/18 05:50:00  PM,7.895,,,,
5819,01/11/18 06:00:00  PM,7.895,,,,
5820,01/11/18 06:10:00  PM,7.920,,,,
5821,01/11/18 06:20:00  PM,7.920,,,,
5822,01/11/18 06:30:00  PM,7.895,,,,
5823,01/11/18 06:40:00  PM,7.895,,,,
5824,01/11/18 06:50:00  PM,7.895,,,,
5825,01/11/18 07:00:00  PM,7.895,,,,
5826,01/11/18 07:10:00  PM,7.895,,,,
5827,01/11/18 07:20:00  PM,7.920,,,,
5828,01/11/18 07:30:00  PM,7.920,,,,
5829,01/11/18 07:40:00  PM,7.945,,,,
5830,01/11/18 07:50:00  PM,7.920,,,,
5831,01/11/18 08:00:00  PM,7.920,,,,
5832,01/11/18 08:10:00  PM,7.920,,,,
5833,01/11/18 08:20:00  PM,8.020,,,,
5834,01/11/18 08:30:00  PM,8.020,,,,
5835,01/11/18 08:40:00  PM,8.020,,,,
5836,01/11/18 08:50:00  PM,8.070,,,,
5837,01/11/18 09:00:00  PM,7.995,,,,
5838,01/11/18 09:10:00  PM,7.995,,,,
5839,01/11/18 09:20:00  PM,7.995,,,,
5840,01/11/18 09:30:00  PM,8.020,,,,
5841,01/11/18 09:40:00  PM,8.045,,,,
5842,01/11/18 09:50:00  PM,7.995,,,,
5843,01/11/18 10:00:00  PM,7.995,,,,
5844,01/11/18 10:10:00  PM,8.045,,,,
5845,01/11/18 10:20:00  PM,8.095,,,,
5846,01/11/18 10:30:00  PM,8.045,,,,
5847,01/11/18 10:40:00  PM,8.070,,,,
5848,01/11/18 10:50:00  PM,8.045,,,,
5849,01/11/18 11:00:00  PM,8.020,,,,
5850,01/11/18 11:10:00  PM,8.020,,,,
5851,01/11/18 11:20:00  PM,8.020,,,,
5852,01/11/18 11:30:00  PM,8.020,,,,
5853,01/11/18 11:40:00  PM,7.995,,,,
5854,01/11/18 11:50:00  PM,7.995,,,,
5855,01/12/18 12:00:00  AM,8.020,,,,
5856,01/12/18 12:10:00  AM,8.045,,,,
5857,01/12/18 12:20:00  AM,8.070,,,,
5858,01/12/18 12:30:00  AM,8.070,,,,
5859,01/12/18 12:40:00  AM,8.070,,,,
5860,01/12/18 12:50:00  AM,8.070,,,,
5861,01/12/18 01:00:00  AM,8.070,,,,
5862,01/12/18 01:10:00  AM,8.095,,,,
5863,01/12/18 01:20:00  AM,8.095,,,,
5864,01/12/18 01:30:00  AM,8.095,,,,
5865,01/12/18 01:40:00  AM,8.095,,,,
5866,01/12/18 01:50:00  AM,8.120,,,,
5867,01/12/18 02:00:00  AM,8.120,,,,
5868,01/12/18 02:10:00  AM,8.120,,,,
5869,01/12/18 02:20:00  AM,8.120,,,,
5870,01/12/18 02:30:00  AM,8.095,,,,
5871,01/12/18 02:40:00  AM,8.095,,,,
5872,01/12/18 02:50:00  AM,8.095,,,,
5873,01/12/18 03:00:00  AM,8.095,,,,
5874,01/12/18 03:10:00  AM,8.070,,,,
5875,01/12/18 03:20:00  AM,8.070,,,,
5876,01/12/18 03:30:00  AM,8.070,,,,
5877,01/12/18 03:40:00  AM,8.070,,,,
5878,01/12/18 03:50:00  AM,8.045,,,,
5879,01/12/18 04:00:00  AM,8.020,,,,
5880,01/12/18 04:10:00  AM,8.020,,,,
5881,01/12/18 04:20:00  AM,7.995,,,,
5882,01/12/18 04:30:00  AM,8.020,,,,
5883,01/12/18 04:40:00  AM,8.045,,,,
5884,01/12/18 04:50:00  AM,8.070,,,,
5885,01/12/18 05:00:00  AM,8.045,,,,
5886,01/12/18 05:10:00  AM,8.020,,,,
5887,01/12/18 05:20:00  AM,8.020,,,,
5888,01/12/18 05:30:00  AM,8.020,,,,
5889,01/12/18 05:40:00  AM,7.995,,,,
5890,01/12/18 05:50:00  AM,7.970,,,,
5891,01/12/18 06:00:00  AM,7.970,,,,
5892,01/12/18 06:10:00  AM,7.970,,,,
5893,01/12/18 06:20:00  AM,7.970,,,,
5894,01/12/18 06:30:00  AM,7.970,,,,
5895,01/12/18 06:40:00  AM,7.970,,,,
5896,01/12/18 06:50:00  AM,7.970,,,,
5897,01/12/18 07:00:00  AM,7.945,,,,
5898,01/12/18 07:10:00  AM,7.945,,,,
5899,01/12/18 07:20:00  AM,7.945,,,,
5900,01/12/18 07:30:00  AM,7.945,,,,
5901,01/12/18 07:40:00  AM,7.945,,,,
5902,01/12/18 07:50:00  AM,7.920,,,,
5903,01/12/18 08:00:00  AM,7.920,,,,
5904,01/12/18 08:10:00  AM,7.920,,,,
5905,01/12/18 08:20:00  AM,7.920,,,,
5906,01/12/18 08:30:00  AM,7.920,,,,
5907,01/12/18 08:40:00  AM,7.920,,,,
5908,01/12/18 08:50:00  AM,7.920,,,,
5909,01/12/18 09:00:00  AM,7.920,,,,
5910,01/12/18 09:10:00  AM,7.920,,,,
5911,01/12/18 09:20:00  AM,7.920,,,,
5912,01/12/18 09:30:00  AM,7.895,,,,
5913,01/12/18 09:40:00  AM,7.920,,,,
5914,01/12/18 09:50:00  AM,7.920,,,,
5915,01/12/18 10:00:00  AM,7.920,,,,
5916,01/12/18 10:10:00  AM,7.920,,,,
5917,01/12/18 10:20:00  AM,7.920,,,,
5918,01/12/18 10:30:00  AM,7.920,,,,
5919,01/12/18 10:40:00  AM,7.920,,,,
5920,01/12/18 10:50:00  AM,7.920,,,,
5921,01/12/18 11:00:00  AM,7.920,,,,
5922,01/12/18 11:10:00  AM,7.920,,,,
5923,01/12/18 11:20:00  AM,7.920,,,,
5924,01/12/18 11:30:00  AM,7.920,,,,
5925,01/12/18 11:40:00  AM,7.970,,,,
5926,01/12/18 11:50:00  AM,7.970,,,,
5927,01/12/18 12:00:00  PM,7.995,,,,
5928,01/12/18 12:10:00  PM,7.970,,,,
5929,01/12/18 12:20:00  PM,7.995,,,,
5930,01/12/18 12:30:00  PM,7.995,,,,
5931,01/12/18 12:40:00  PM,8.020,,,,
5932,01/12/18 12:50:00  PM,8.020,,,,
5933,01/12/18 01:00:00  PM,8.020,,,,
5934,01/12/18 01:10:00  PM,8.020,,,,
5935,01/12/18 01:20:00  PM,8.020,,,,
5936,01/12/18 01:30:00  PM,8.045,,,,
5937,01/12/18 01:40:00  PM,8.045,,,,
5938,01/12/18 01:50:00  PM,8.045,,,,
5939,01/12/18 02:00:00  PM,8.045,,,,
5940,01/12/18 02:10:00  PM,8.045,,,,
5941,01/12/18 02:20:00  PM,8.045,,,,
5942,01/12/18 02:30:00  PM,8.045,,,,
5943,01/12/18 02:40:00  PM,8.045,,,,
5944,01/12/18 02:50:00  PM,8.020,,,,
5945,01/12/18 03:00:00  PM,8.020,,,,
5946,01/12/18 03:10:00  PM,8.045,,,,
5947,01/12/18 03:20:00  PM,8.045,,,,
5948,01/12/18 03:30:00  PM,8.045,,,,
5949,01/12/18 03:40:00  PM,8.045,,,,
5950,01/12/18 03:50:00  PM,8.020,,,,
5951,01/12/18 04:00:00  PM,8.020,,,,
5952,01/12/18 04:10:00  PM,7.995,,,,
5953,01/12/18 04:20:00  PM,7.970,,,,
5954,01/12/18 04:30:00  PM,7.970,,,,
5955,01/12/18 04:40:00  PM,7.970,,,,
5956,01/12/18 04:50:00  PM,7.995,,,,
5957,01/12/18 05:00:00  PM,7.995,,,,
5958,01/12/18 05:10:00  PM,7.970,,,,
5959,01/12/18 05:20:00  PM,7.970,,,,
5960,01/12/18 05:30:00  PM,7.945,,,,
5961,01/12/18 05:40:00  PM,7.920,,,,
5962,01/12/18 05:50:00  PM,7.920,,,,
5963,01/12/18 06:00:00  PM,7.870,,,,
5964,01/12/18 06:10:00  PM,7.870,,,,
5965,01/12/18 06:20:00  PM,7.845,,,,
5966,01/12/18 06:30:00  PM,7.870,,,,
5967,01/12/18 06:40:00  PM,7.845,,,,
5968,01/12/18 06:50:00  PM,7.820,,,,
5969,01/12/18 07:00:00  PM,7.870,,,,
5970,01/12/18 07:10:00  PM,7.845,,,,
5971,01/12/18 07:20:00  PM,7.895,,,,
5972,01/12/18 07:30:00  PM,7.870,,,,
5973,01/12/18 07:40:00  PM,7.870,,,,
5974,01/12/18 07:50:00  PM,7.820,,,,
5975,01/12/18 08:00:00  PM,7.845,,,,
5976,01/12/18 08:10:00  PM,7.845,,,,
5977,01/12/18 08:20:00  PM,7.870,,,,
5978,01/12/18 08:30:00  PM,7.820,,,,
5979,01/12/18 08:40:00  PM,7.795,,,,
5980,01/12/18 08:50:00  PM,7.820,,,,
5981,01/12/18 09:00:00  PM,7.770,,,,
5982,01/12/18 09:10:00  PM,7.795,,,,
5983,01/12/18 09:20:00  PM,7.795,,,,
5984,01/12/18 09:30:00  PM,7.820,,,,
5985,01/12/18 09:40:00  PM,7.820,,,,
5986,01/12/18 09:50:00  PM,7.820,,,,
5987,01/12/18 10:00:00  PM,7.745,,,,
5988,01/12/18 10:10:00  PM,7.695,,,,
5989,01/12/18 10:20:00  PM,7.720,,,,
5990,01/12/18 10:30:00  PM,7.695,,,,
5991,01/12/18 10:40:00  PM,7.695,,,,
5992,01/12/18 10:50:00  PM,7.720,,,,
5993,01/12/18 11:00:00  PM,7.720,,,,
5994,01/12/18 11:10:00  PM,7.720,,,,
5995,01/12/18 11:20:00  PM,7.720,,,,
5996,01/12/18 11:30:00  PM,7.720,,,,
5997,01/12/18 11:40:00  PM,7.745,,,,
5998,01/12/18 11:50:00  PM,7.745,,,,
5999,01/13/18 12:00:00  AM,7.770,,,,
6000,01/13/18 12:10:00  AM,7.770,,,,
6001,01/13/18 12:20:00  AM,7.745,,,,
6002,01/13/18 12:30:00  AM,7.745,,,,
6003,01/13/18 12:40:00  AM,7.745,,,,
6004,01/13/18 12:50:00  AM,7.745,,,,
6005,01/13/18 01:00:00  AM,7.720,,,,
6006,01/13/18 01:10:00  AM,7.770,,,,
6007,01/13/18 01:20:00  AM,7.795,,,,
6008,01/13/18 01:30:00  AM,7.770,,,,
6009,01/13/18 01:40:00  AM,7.770,,,,
6010,01/13/18 01:50:00  AM,7.795,,,,
6011,01/13/18 02:00:00  AM,7.820,,,,
6012,01/13/18 02:10:00  AM,7.820,,,,
6013,01/13/18 02:20:00  AM,7.820,,,,
6014,01/13/18 02:30:00  AM,7.870,,,,
6015,01/13/18 02:40:00  AM,7.895,,,,
6016,01/13/18 02:50:00  AM,7.870,,,,
6017,01/13/18 03:00:00  AM,7.870,,,,
6018,01/13/18 03:10:00  AM,7.870,,,,
6019,01/13/18 03:20:00  AM,7.895,,,,
6020,01/13/18 03:30:00  AM,7.870,,,,
6021,01/13/18 03:40:00  AM,7.870,,,,
6022,01/13/18 03:50:00  AM,7.870,,,,
6023,01/13/18 04:00:00  AM,7.845,,,,
6024,01/13/18 04:10:00  AM,7.845,,,,
6025,01/13/18 04:20:00  AM,7.845,,,,
6026,01/13/18 04:30:00  AM,7.845,,,,
6027,01/13/18 04:40:00  AM,7.820,,,,
6028,01/13/18 04:50:00  AM,7.820,,,,
6029,01/13/18 05:00:00  AM,7.820,,,,
6030,01/13/18 05:10:00  AM,7.795,,,,
6031,01/13/18 05:20:00  AM,7.770,,,,
6032,01/13/18 05:30:00  AM,7.720,,,,
6033,01/13/18 05:40:00  AM,7.720,,,,
6034,01/13/18 05:50:00  AM,7.720,,,,
6035,01/13/18 06:00:00  AM,7.720,,,,
6036,01/13/18 06:10:00  AM,7.670,,,,
6037,01/13/18 06:20:00  AM,7.670,,,,
6038,01/13/18 06:30:00  AM,7.670,,,,
6039,01/13/18 06:40:00  AM,7.645,,,,
6040,01/13/18 06:50:00  AM,7.645,,,,
6041,01/13/18 07:00:00  AM,7.619,,,,
6042,01/13/18 07:10:00  AM,7.469,,,,
6043,01/13/18 07:20:00  AM,7.519,,,,
6044,01/13/18 07:30:00  AM,7.469,,,,
6045,01/13/18 07:40:00  AM,7.444,,,,
6046,01/13/18 07:50:00  AM,7.469,,,,
6047,01/13/18 08:00:00  AM,7.469,,,,
6048,01/13/18 08:10:00  AM,7.419,,,,
6049,01/13/18 08:20:00  AM,7.419,,,,
6050,01/13/18 08:30:00  AM,7.419,,,,
6051,01/13/18 08:40:00  AM,7.393,,,,
6052,01/13/18 08:50:00  AM,7.393,,,,
6053,01/13/18 09:00:00  AM,7.393,,,,
6054,01/13/18 09:10:00  AM,7.419,,,,
6055,01/13/18 09:20:00  AM,7.444,,,,
6056,01/13/18 09:30:00  AM,7.544,,,,
6057,01/13/18 09:40:00  AM,7.544,,,,
6058,01/13/18 09:50:00  AM,7.619,,,,
6059,01/13/18 10:00:00  AM,7.619,,,,
6060,01/13/18 10:10:00  AM,7.594,,,,
6061,01/13/18 10:20:00  AM,7.720,,,,
6062,01/13/18 10:30:00  AM,7.745,,,,
6063,01/13/18 10:40:00  AM,7.795,,,,
6064,01/13/18 10:50:00  AM,7.895,,,,
6065,01/13/18 11:00:00  AM,8.045,,,,
6066,01/13/18 11:10:00  AM,8.120,,,,
6067,01/13/18 11:20:00  AM,8.120,,,,
6068,01/13/18 11:30:00  AM,8.120,,,,
6069,01/13/18 11:40:00  AM,8.120,,,,
6070,01/13/18 11:50:00  AM,8.145,,,,
6071,01/13/18 12:00:00  PM,8.095,,,,
6072,01/13/18 12:10:00  PM,8.145,,,,
6073,01/13/18 12:20:00  PM,8.170,,,,
6074,01/13/18 12:30:00  PM,8.220,,,,
6075,01/13/18 12:40:00  PM,8.120,,,,
6076,01/13/18 12:50:00  PM,8.070,,,,
6077,01/13/18 01:00:00  PM,8.070,,,,
6078,01/13/18 01:10:00  PM,8.020,,,,
6079,01/13/18 01:20:00  PM,8.020,,,,
6080,01/13/18 01:30:00  PM,7.995,,,,
6081,01/13/18 01:40:00  PM,8.020,,,,
6082,01/13/18 01:50:00  PM,7.970,,,,
6083,01/13/18 02:00:00  PM,7.945,,,,
6084,01/13/18 02:10:00  PM,7.920,,,,
6085,01/13/18 02:20:00  PM,7.920,,,,
6086,01/13/18 02:30:00  PM,7.895,,,,
6087,01/13/18 02:40:00  PM,7.895,,,,
6088,01/13/18 02:50:00  PM,7.870,,,,
6089,01/13/18 03:00:00  PM,7.845,,,,
6090,01/13/18 03:10:00  PM,7.820,,,,
6091,01/13/18 03:20:00  PM,7.795,,,,
6092,01/13/18 03:30:00  PM,7.795,,,,
6093,01/13/18 03:40:00  PM,7.795,,,,
6094,01/13/18 03:50:00  PM,7.795,,,,
6095,01/13/18 04:00:00  PM,7.770,,,,
6096,01/13/18 04:10:00  PM,7.745,,,,
6097,01/13/18 04:20:00  PM,7.720,,,,
6098,01/13/18 04:30:00  PM,7.745,,,,
6099,01/13/18 04:40:00  PM,7.720,,,,
6100,01/13/18 04:50:00  PM,7.720,,,,
6101,01/13/18 05:00:00  PM,7.720,,,,
6102,01/13/18 05:10:00  PM,7.720,,,,
6103,01/13/18 05:20:00  PM,7.720,,,,
6104,01/13/18 05:30:00  PM,7.720,,,,
6105,01/13/18 05:40:00  PM,7.720,,,,
6106,01/13/18 05:50:00  PM,7.695,,,,
6107,01/13/18 06:00:00  PM,7.695,,,,
6108,01/13/18 06:10:00  PM,7.670,,,,
6109,01/13/18 06:20:00  PM,7.594,,,,
6110,01/13/18 06:30:00  PM,7.594,,,,
6111,01/13/18 06:40:00  PM,7.519,,,,
6112,01/13/18 06:50:00  PM,7.444,,,,
6113,01/13/18 07:00:00  PM,7.494,,,,
6114,01/13/18 07:10:00  PM,7.469,,,,
6115,01/13/18 07:20:00  PM,7.368,,,,
6116,01/13/18 07:30:00  PM,7.419,,,,
6117,01/13/18 07:40:00  PM,7.368,,,,
6118,01/13/18 07:50:00  PM,7.343,,,,
6119,01/13/18 08:00:00  PM,7.318,,,,
6120,01/13/18 08:10:00  PM,7.318,,,,
6121,01/13/18 08:20:00  PM,7.619,,,,
6122,01/13/18 08:30:00  PM,7.519,,,,
6123,01/13/18 08:40:00  PM,7.519,,,,
6124,01/13/18 08:50:00  PM,7.494,,,,
6125,01/13/18 09:00:00  PM,7.544,,,,
6126,01/13/18 09:10:00  PM,7.544,,,,
6127,01/13/18 09:20:00  PM,7.469,,,,
6128,01/13/18 09:30:00  PM,7.494,,,,
6129,01/13/18 09:40:00  PM,7.469,,,,
6130,01/13/18 09:50:00  PM,7.594,,,,
6131,01/13/18 10:00:00  PM,7.569,,,,
6132,01/13/18 10:10:00  PM,7.469,,,,
6133,01/13/18 10:20:00  PM,7.469,,,,
6134,01/13/18 10:30:00  PM,7.544,,,,
6135,01/13/18 10:40:00  PM,7.469,,,,
6136,01/13/18 10:50:00  PM,7.494,,,,
6137,01/13/18 11:00:00  PM,7.393,,,,
6138,01/13/18 11:10:00  PM,7.419,,,,
6139,01/13/18 11:20:00  PM,7.419,,,,
6140,01/13/18 11:30:00  PM,7.469,,,,
6141,01/13/18 11:40:00  PM,7.444,,,,
6142,01/13/18 11:50:00  PM,7.645,,,,
6143,01/14/18 12:00:00  AM,7.594,,,,
6144,01/14/18 12:10:00  AM,7.594,,,,
6145,01/14/18 12:20:00  AM,7.594,,,,
6146,01/14/18 12:30:00  AM,7.619,,,,
6147,01/14/18 12:40:00  AM,7.569,,,,
6148,01/14/18 12:50:00  AM,7.594,,,,
6149,01/14/18 01:00:00  AM,7.619,,,,
6150,01/14/18 01:10:00  AM,7.645,,,,
6151,01/14/18 01:20:00  AM,7.795,,,,
6152,01/14/18 01:30:00  AM,7.820,,,,
6153,01/14/18 01:40:00  AM,7.820,,,,
6154,01/14/18 01:50:00  AM,7.820,,,,
6155,01/14/18 02:00:00  AM,7.820,,,,
6156,01/14/18 02:10:00  AM,7.820,,,,
6157,01/14/18 02:20:00  AM,7.920,,,,
6158,01/14/18 02:30:00  AM,7.970,,,,
6159,01/14/18 02:40:00  AM,7.945,,,,
6160,01/14/18 02:50:00  AM,7.995,,,,
6161,01/14/18 03:00:00  AM,8.070,,,,
6162,01/14/18 03:10:00  AM,8.020,,,,
6163,01/14/18 03:20:00  AM,8.045,,,,
6164,01/14/18 03:30:00  AM,8.070,,,,
6165,01/14/18 03:40:00  AM,8.045,,,,
6166,01/14/18 03:50:00  AM,8.070,,,,
6167,01/14/18 04:00:00  AM,8.045,,,,
6168,01/14/18 04:10:00  AM,8.070,,,,
6169,01/14/18 04:20:00  AM,8.045,,,,
6170,01/14/18 04:30:00  AM,8.020,,,,
6171,01/14/18 04:40:00  AM,8.020,,,,
6172,01/14/18 04:50:00  AM,8.020,,,,
6173,01/14/18 05:00:00  AM,7.995,,,,
6174,01/14/18 05:10:00  AM,7.995,,,,
6175,01/14/18 05:20:00  AM,7.995,,,,
6176,01/14/18 05:30:00  AM,8.020,,,,
6177,01/14/18 05:40:00  AM,7.995,,,,
6178,01/14/18 05:50:00  AM,7.970,,,,
6179,01/14/18 06:00:00  AM,7.970,,,,
6180,01/14/18 06:10:00  AM,7.845,,,,
6181,01/14/18 06:20:00  AM,7.845,,,,
6182,01/14/18 06:30:00  AM,7.770,,,,
6183,01/14/18 06:40:00  AM,7.745,,,,
6184,01/14/18 06:50:00  AM,7.745,,,,
6185,01/14/18 07:00:00  AM,7.745,,,,
6186,01/14/18 07:10:00  AM,7.720,,,,
6187,01/14/18 07:20:00  AM,7.720,,,,
6188,01/14/18 07:30:00  AM,7.670,,,,
6189,01/14/18 07:40:00  AM,7.619,,,,
6190,01/14/18 07:50:00  AM,7.619,,,,
6191,01/14/18 08:00:00  AM,7.619,,,,
6192,01/14/18 08:10:00  AM,7.569,,,,
6193,01/14/18 08:20:00  AM,7.569,,,,
6194,01/14/18 08:30:00  AM,7.569,,,,
6195,01/14/18 08:40:00  AM,7.569,,,,
6196,01/14/18 08:50:00  AM,7.594,,,,
6197,01/14/18 09:00:00  AM,7.494,,,,
6198,01/14/18 09:10:00  AM,7.494,,,,
6199,01/14/18 09:20:00  AM,7.444,,,,
6200,01/14/18 09:30:00  AM,7.469,,,,
6201,01/14/18 09:40:00  AM,7.469,,,,
6202,01/14/18 09:50:00  AM,7.494,,,,
6203,01/14/18 10:00:00  AM,7.469,,,,
6204,01/14/18 10:10:00  AM,7.494,,,,
6205,01/14/18 10:20:00  AM,7.544,,,,
6206,01/14/18 10:30:00  AM,7.569,,,,
6207,01/14/18 10:40:00  AM,7.544,,,,
6208,01/14/18 10:50:00  AM,7.569,,,,
6209,01/14/18 11:00:00  AM,7.619,,,,
6210,01/14/18 11:10:00  AM,7.619,,,,
6211,01/14/18 11:20:00  AM,7.695,,,,
6212,01/14/18 11:30:00  AM,7.695,,,,
6213,01/14/18 11:40:00  AM,7.695,,,,
6214,01/14/18 11:50:00  AM,7.619,,,,
6215,01/14/18 12:00:00  PM,7.695,,,,
6216,01/14/18 12:10:00  PM,7.670,,,,
6217,01/14/18 12:20:00  PM,7.695,,,,
6218,01/14/18 12:30:00  PM,7.795,,,,
6219,01/14/18 12:40:00  PM,7.820,,,,
6220,01/14/18 12:50:00  PM,7.945,,,,
6221,01/14/18 01:00:00  PM,8.045,,,,
6222,01/14/18 01:10:00  PM,7.995,,,,
6223,01/14/18 01:20:00  PM,8.020,,,,
6224,01/14/18 01:30:00  PM,8.020,,,,
6225,01/14/18 01:40:00  PM,7.995,,,,
6226,01/14/18 01:50:00  PM,7.995,,,,
6227,01/14/18 02:00:00  PM,7.995,,,,
6228,01/14/18 02:10:00  PM,7.995,,,,
6229,01/14/18 02:20:00  PM,7.970,,,,
6230,01/14/18 02:30:00  PM,7.995,,,,
6231,01/14/18 02:40:00  PM,7.995,,,,
6232,01/14/18 02:50:00  PM,7.995,,,,
6233,01/14/18 03:00:00  PM,7.970,,,,
6234,01/14/18 03:10:00  PM,7.970,,,,
6235,01/14/18 03:20:00  PM,7.995,,,,
6236,01/14/18 03:30:00  PM,7.995,,,,
6237,01/14/18 03:40:00  PM,7.995,,,,
6238,01/14/18 03:50:00  PM,8.020,,,,
6239,01/14/18 04:00:00  PM,7.995,,,,
6240,01/14/18 04:10:00  PM,7.995,,,,
6241,01/14/18 04:20:00  PM,7.995,,,,
6242,01/14/18 04:30:00  PM,7.995,,,,
6243,01/14/18 04:40:00  PM,7.995,,,,
6244,01/14/18 04:50:00  PM,7.995,,,,
6245,01/14/18 05:00:00  PM,7.995,,,,
6246,01/14/18 05:10:00  PM,7.995,,,,
6247,01/14/18 05:20:00  PM,7.995,,,,
6248,01/14/18 05:30:00  PM,7.995,,,,
6249,01/14/18 05:40:00  PM,7.995,,,,
6250,01/14/18 05:50:00  PM,7.970,,,,
6251,01/14/18 06:00:00  PM,7.970,,,,
6252,01/14/18 06:10:00  PM,7.970,,,,
6253,01/14/18 06:20:00  PM,7.970,,,,
6254,01/14/18 06:30:00  PM,7.970,,,,
6255,01/14/18 06:40:00  PM,7.970,,,,
6256,01/14/18 06:50:00  PM,7.970,,,,
6257,01/14/18 07:00:00  PM,7.970,,,,
6258,01/14/18 07:10:00  PM,7.995,,,,
6259,01/14/18 07:20:00  PM,7.970,,,,
6260,01/14/18 07:30:00  PM,7.970,,,,
6261,01/14/18 07:40:00  PM,7.970,,,,
6262,01/14/18 07:50:00  PM,7.945,,,,
6263,01/14/18 08:00:00  PM,7.945,,,,
6264,01/14/18 08:10:00  PM,7.945,,,,
6265,01/14/18 08:20:00  PM,7.945,,,,
6266,01/14/18 08:30:00  PM,7.945,,,,
6267,01/14/18 08:40:00  PM,7.920,,,,
6268,01/14/18 08:50:00  PM,7.920,,,,
6269,01/14/18 09:00:00  PM,7.920,,,,
6270,01/14/18 09:10:00  PM,7.920,,,,
6271,01/14/18 09:20:00  PM,7.845,,,,
6272,01/14/18 09:30:00  PM,7.820,,,,
6273,01/14/18 09:40:00  PM,7.795,,,,
6274,01/14/18 09:50:00  PM,7.795,,,,
6275,01/14/18 10:00:00  PM,7.770,,,,
6276,01/14/18 10:10:00  PM,7.720,,,,
6277,01/14/18 10:20:00  PM,7.720,,,,
6278,01/14/18 10:30:00  PM,7.594,,,,
6279,01/14/18 10:40:00  PM,7.745,,,,
6280,01/14/18 10:50:00  PM,7.645,,,,
6281,01/14/18 11:00:00  PM,7.645,,,,
6282,01/14/18 11:10:00  PM,7.645,,,,
6283,01/14/18 11:20:00  PM,7.594,,,,
6284,01/14/18 11:30:00  PM,7.619,,,,
6285,01/14/18 11:40:00  PM,7.619,,,,
6286,01/14/18 11:50:00  PM,7.594,,,,
6287,01/15/18 12:00:00  AM,7.569,,,,
6288,01/15/18 12:10:00  AM,7.594,,,,
6289,01/15/18 12:20:00  AM,7.619,,,,
6290,01/15/18 12:30:00  AM,7.619,,,,
6291,01/15/18 12:40:00  AM,7.619,,,,
6292,01/15/18 12:50:00  AM,7.645,,,,
6293,01/15/18 01:00:00  AM,7.645,,,,
6294,01/15/18 01:10:00  AM,7.670,,,,
6295,01/15/18 01:20:00  AM,7.645,,,,
6296,01/15/18 01:30:00  AM,7.619,,,,
6297,01/15/18 01:40:00  AM,7.670,,,,
6298,01/15/18 01:50:00  AM,7.670,,,,
6299,01/15/18 02:00:00  AM,7.670,,,,
6300,01/15/18 02:10:00  AM,7.695,,,,
6301,01/15/18 02:20:00  AM,7.745,,,,
6302,01/15/18 02:30:00  AM,7.770,,,,
6303,01/15/18 02:40:00  AM,7.820,,,,
6304,01/15/18 02:50:00  AM,7.820,,,,
6305,01/15/18 03:00:00  AM,7.845,,,,
6306,01/15/18 03:10:00  AM,7.845,,,,
6307,01/15/18 03:20:00  AM,7.845,,,,
6308,01/15/18 03:30:00  AM,7.870,,,,
6309,01/15/18 03:40:00  AM,7.845,,,,
6310,01/15/18 03:50:00  AM,7.870,,,,
6311,01/15/18 04:00:00  AM,7.870,,,,
6312,01/15/18 04:10:00  AM,7.870,,,,
6313,01/15/18 04:20:00  AM,7.870,,,,
6314,01/15/18 04:30:00  AM,7.895,,,,
6315,01/15/18 04:40:00  AM,7.920,,,,
6316,01/15/18 04:50:00  AM,7.920,,,,
6317,01/15/18 05:00:00  AM,7.895,,,,
6318,01/15/18 05:10:00  AM,7.895,,,,
6319,01/15/18 05:20:00  AM,7.870,,,,
6320,01/15/18 05:30:00  AM,7.870,,,,
6321,01/15/18 05:40:00  AM,7.895,,,,
6322,01/15/18 05:50:00  AM,7.870,,,,
6323,01/15/18 06:00:00  AM,7.845,,,,
6324,01/15/18 06:10:00  AM,7.845,,,,
6325,01/15/18 06:20:00  AM,7.845,,,,
6326,01/15/18 06:30:00  AM,7.845,,,,
6327,01/15/18 06:40:00  AM,7.845,,,,
6328,01/15/18 06:50:00  AM,7.845,,,,
6329,01/15/18 07:00:00  AM,7.820,,,,
6330,01/15/18 07:10:00  AM,7.820,,,,
6331,01/15/18 07:20:00  AM,7.820,,,,
6332,01/15/18 07:30:00  AM,7.820,,,,
6333,01/15/18 07:40:00  AM,7.820,,,,
6334,01/15/18 07:50:00  AM,7.820,,,,
6335,01/15/18 08:00:00  AM,7.820,,,,
6336,01/15/18 08:10:00  AM,7.820,,,,
6337,01/15/18 08:20:00  AM,7.820,,,,
6338,01/15/18 08:30:00  AM,7.820,,,,
6339,01/15/18 08:40:00  AM,7.820,,,,
6340,01/15/18 08:50:00  AM,7.845,,,,
6341,01/15/18 09:00:00  AM,7.845,,,,
6342,01/15/18 09:10:00  AM,7.845,,,,
6343,01/15/18 09:20:00  AM,7.870,,,,
6344,01/15/18 09:30:00  AM,7.845,,,,
6345,01/15/18 09:40:00  AM,7.820,,,,
6346,01/15/18 09:50:00  AM,7.820,,,,
6347,01/15/18 10:00:00  AM,7.820,,,,
6348,01/15/18 10:10:00  AM,7.820,,,,
6349,01/15/18 10:20:00  AM,7.820,,,,
6350,01/15/18 10:30:00  AM,7.820,,,,
6351,01/15/18 10:40:00  AM,7.795,,,,
6352,01/15/18 10:50:00  AM,7.795,,,,
6353,01/15/18 11:00:00  AM,7.795,,,,
6354,01/15/18 11:10:00  AM,7.795,,,,
6355,01/15/18 11:20:00  AM,7.795,,,,
6356,01/15/18 11:30:00  AM,7.795,,,,
6357,01/15/18 11:40:00  AM,7.795,,,,
6358,01/15/18 11:50:00  AM,7.795,,,,
6359,01/15/18 12:00:00  PM,7.795,,,,
6360,01/15/18 12:10:00  PM,7.795,,,,
6361,01/15/18 12:20:00  PM,7.795,,,,
6362,01/15/18 12:30:00  PM,7.795,,,,
6363,01/15/18 12:40:00  PM,7.795,,,,
6364,01/15/18 12:50:00  PM,7.795,,,,
6365,01/15/18 01:00:00  PM,7.795,,,,
6366,01/15/18 01:10:00  PM,7.770,,,,
6367,01/15/18 01:20:00  PM,7.770,,,,
6368,01/15/18 01:30:00  PM,7.770,,,,
6369,01/15/18 01:40:00  PM,7.770,,,,
6370,01/15/18 01:50:00  PM,7.770,,,,
6371,01/15/18 02:00:00  PM,7.770,,,,
6372,01/15/18 02:10:00  PM,7.745,,,,
6373,01/15/18 02:20:00  PM,7.745,,,,
6374,01/15/18 02:30:00  PM,7.770,,,,
6375,01/15/18 02:40:00  PM,7.770,,,,
6376,01/15/18 02:50:00  PM,7.795,,,,
6377,01/15/18 03:00:00  PM,7.795,,,,
6378,01/15/18 03:10:00  PM,7.795,,,,
6379,01/15/18 03:20:00  PM,7.770,,,,
6380,01/15/18 03:30:00  PM,7.745,,,,
6381,01/15/18 03:40:00  PM,7.745,,,,
6382,01/15/18 03:50:00  PM,7.720,,,,
6383,01/15/18 04:00:00  PM,7.720,,,,
6384,01/15/18 04:10:00  PM,7.695,,,,
6385,01/15/18 04:20:00  PM,7.745,,,,
6386,01/15/18 04:30:00  PM,7.720,,,,
6387,01/15/18 04:40:00  PM,7.745,,,,
6388,01/15/18 04:50:00  PM,7.770,,,,
6389,01/15/18 05:00:00  PM,7.770,,,,
6390,01/15/18 05:10:00  PM,7.770,,,,
6391,01/15/18 05:20:00  PM,7.770,,,,
6392,01/15/18 05:30:00  PM,7.770,,,,
6393,01/15/18 05:40:00  PM,7.770,,,,
6394,01/15/18 05:50:00  PM,7.795,,,,
6395,01/15/18 06:00:00  PM,7.770,,,,
6396,01/15/18 06:10:00  PM,7.795,,,,
6397,01/15/18 06:20:00  PM,7.770,,,,
6398,01/15/18 06:30:00  PM,7.745,,,,
6399,01/15/18 06:40:00  PM,7.745,,,,
6400,01/15/18 06:50:00  PM,7.745,,,,
6401,01/15/18 07:00:00  PM,7.745,,,,
6402,01/15/18 07:10:00  PM,7.720,,,,
6403,01/15/18 07:20:00  PM,7.720,,,,
6404,01/15/18 07:30:00  PM,7.720,,,,
6405,01/15/18 07:40:00  PM,7.720,,,,
6406,01/15/18 07:50:00  PM,7.720,,,,
6407,01/15/18 08:00:00  PM,7.695,,,,
6408,01/15/18 08:10:00  PM,7.695,,,,
6409,01/15/18 08:20:00  PM,7.670,,,,
6410,01/15/18 08:30:00  PM,7.695,,,,
6411,01/15/18 08:40:00  PM,7.770,,,,
6412,01/15/18 08:50:00  PM,7.720,,,,
6413,01/15/18 09:00:00  PM,7.745,,,,
6414,01/15/18 09:10:00  PM,7.720,,,,
6415,01/15/18 09:20:00  PM,7.770,,,,
6416,01/15/18 09:30:00  PM,7.695,,,,
6417,01/15/18 09:40:00  PM,7.695,,,,
6418,01/15/18 09:50:00  PM,7.720,,,,
6419,01/15/18 10:00:00  PM,7.695,,,,
6420,01/15/18 10:10:00  PM,7.619,,,,
6421,01/15/18 10:20:00  PM,7.670,,,,
6422,01/15/18 10:30:00  PM,7.695,,,,
6423,01/15/18 10:40:00  PM,7.695,,,,
6424,01/15/18 10:50:00  PM,7.720,,,,
6425,01/15/18 11:00:00  PM,7.695,,,,
6426,01/15/18 11:10:00  PM,7.695,,,,
6427,01/15/18 11:20:00  PM,7.670,,,,
6428,01/15/18 11:30:00  PM,7.645,,,,
6429,01/15/18 11:40:00  PM,7.645,,,,
6430,01/15/18 11:50:00  PM,7.670,,,,
6431,01/16/18 12:00:00  AM,7.645,,,,
6432,01/16/18 12:10:00  AM,7.645,,,,
6433,01/16/18 12:20:00  AM,7.670,,,,
6434,01/16/18 12:30:00  AM,7.695,,,,
6435,01/16/18 12:40:00  AM,7.670,,,,
6436,01/16/18 12:50:00  AM,7.670,,,,
6437,01/16/18 01:00:00  AM,7.670,,,,
6438,01/16/18 01:10:00  AM,7.670,,,,
6439,01/16/18 01:20:00  AM,7.695,,,,
6440,01/16/18 01:30:00  AM,7.695,,,,
6441,01/16/18 01:40:00  AM,7.745,,,,
6442,01/16/18 01:50:00  AM,7.745,,,,
6443,01/16/18 02:00:00  AM,7.770,,,,
6444,01/16/18 02:10:00  AM,7.770,,,,
6445,01/16/18 02:20:00  AM,7.795,,,,
6446,01/16/18 02:30:00  AM,7.820,,,,
6447,01/16/18 02:40:00  AM,7.770,,,,
6448,01/16/18 02:50:00  AM,7.770,,,,
6449,01/16/18 03:00:00  AM,7.795,,,,
6450,01/16/18 03:10:00  AM,7.770,,,,
6451,01/16/18 03:20:00  AM,7.845,,,,
6452,01/16/18 03:30:00  AM,7.920,,,,
6453,01/16/18 03:40:00  AM,7.945,,,,
6454,01/16/18 03:50:00  AM,7.995,,,,
6455,01/16/18 04:00:00  AM,8.045,,,,
6456,01/16/18 04:10:00  AM,7.970,,,,
6457,01/16/18 04:20:00  AM,7.970,,,,
6458,01/16/18 04:30:00  AM,8.070,,,,
6459,01/16/18 04:40:00  AM,8.020,,,,
6460,01/16/18 04:50:00  AM,8.020,,,,
6461,01/16/18 05:00:00  AM,8.045,,,,
6462,01/16/18 05:10:00  AM,8.020,,,,
6463,01/16/18 05:20:00  AM,8.020,,,,
6464,01/16/18 05:30:00  AM,8.020,,,,
6465,01/16/18 05:40:00  AM,8.020,,,,
6466,01/16/18 05:50:00  AM,8.020,,,,
6467,01/16/18 06:00:00  AM,8.020,,,,
6468,01/16/18 06:10:00  AM,8.020,,,,
6469,01/16/18 06:20:00  AM,8.020,,,,
6470,01/16/18 06:30:00  AM,8.020,,,,
6471,01/16/18 06:40:00  AM,8.020,,,,
6472,01/16/18 06:50:00  AM,8.020,,,,
6473,01/16/18 07:00:00  AM,8.020,,,,
6474,01/16/18 07:10:00  AM,8.020,,,,
6475,01/16/18 07:20:00  AM,8.020,,,,
6476,01/16/18 07:30:00  AM,7.995,,,,
6477,01/16/18 07:40:00  AM,7.995,,,,
6478,01/16/18 07:50:00  AM,7.995,,,,
6479,01/16/18 08:00:00  AM,7.995,,,,
6480,01/16/18 08:10:00  AM,7.995,,,,
6481,01/16/18 08:20:00  AM,7.970,,,,
6482,01/16/18 08:30:00  AM,7.970,,,,
6483,01/16/18 08:40:00  AM,7.945,,,,
6484,01/16/18 08:50:00  AM,7.945,,,,
6485,01/16/18 09:00:00  AM,7.945,,,,
6486,01/16/18 09:10:00  AM,7.970,,,,
6487,01/16/18 09:20:00  AM,7.945,,,,
6488,01/16/18 09:30:00  AM,7.945,,,,
6489,01/16/18 09:40:00  AM,7.945,,,,
6490,01/16/18 09:50:00  AM,7.945,,,,
6491,01/16/18 10:00:00  AM,7.895,,,,
6492,01/16/18 10:10:00  AM,7.870,,,,
6493,01/16/18 10:20:00  AM,7.870,,,,
6494,01/16/18 10:30:00  AM,7.845,,,,
6495,01/16/18 10:40:00  AM,7.820,,,,
6496,01/16/18 10:50:00  AM,7.820,,,,
6497,01/16/18 11:00:00  AM,7.795,,,,
6498,01/16/18 11:10:00  AM,7.820,,,,
6499,01/16/18 11:20:00  AM,7.795,,,,
6500,01/16/18 11:30:00  AM,7.795,,,,
6501,01/16/18 11:40:00  AM,7.770,,,,
6502,01/16/18 11:50:00  AM,7.770,,,,
6503,01/16/18 12:00:00  PM,7.770,,,,
6504,01/16/18 12:10:00  PM,7.770,,,,
6505,01/16/18 12:20:00  PM,7.770,,,,
6506,01/16/18 12:30:00  PM,7.745,,,,
6507,01/16/18 12:40:00  PM,7.770,,,,
6508,01/16/18 12:50:00  PM,7.770,,,,
6509,01/16/18 01:00:00  PM,7.770,,,,
6510,01/16/18 01:10:00  PM,7.795,,,,
6511,01/16/18 01:20:00  PM,7.795,,,,
6512,01/16/18 01:30:00  PM,7.795,,,,
6513,01/16/18 01:40:00  PM,7.770,,,,
6514,01/16/18 01:50:00  PM,7.820,,,,
6515,01/16/18 02:00:00  PM,7.820,,,,
6516,01/16/18 02:10:00  PM,7.820,,,,
6517,01/16/18 02:20:00  PM,7.820,,,,
6518,01/16/18 02:30:00  PM,7.845,,,,
6519,01/16/18 02:40:00  PM,7.845,,,,
6520,01/16/18 02:50:00  PM,7.845,,,,
6521,01/16/18 03:00:00  PM,7.870,,,,
6522,01/16/18 03:10:00  PM,7.870,,,,
6523,01/16/18 03:20:00  PM,7.870,,,,
6524,01/16/18 03:30:00  PM,7.870,,,,
6525,01/16/18 03:40:00  PM,7.870,,,,
6526,01/16/18 03:50:00  PM,7.870,,,,
6527,01/16/18 04:00:00  PM,7.895,,,,
6528,01/16/18 04:10:00  PM,7.895,,,,
6529,01/16/18 04:20:00  PM,7.895,,,,
6530,01/16/18 04:30:00  PM,7.895,,,,
6531,01/16/18 04:40:00  PM,7.895,,,,
6532,01/16/18 04:50:00  PM,7.895,,,,
6533,01/16/18 05:00:00  PM,7.895,,,,
6534,01/16/18 05:10:00  PM,7.870,,,,
6535,01/16/18 05:20:00  PM,7.870,,,,
6536,01/16/18 05:30:00  PM,7.845,,,,
6537,01/16/18 05:40:00  PM,7.845,,,,
6538,01/16/18 05:50:00  PM,7.845,,,,
6539,01/16/18 06:00:00  PM,7.820,,,,
6540,01/16/18 06:10:00  PM,7.820,,,,
6541,01/16/18 06:20:00  PM,7.820,,,,
6542,01/16/18 06:30:00  PM,7.820,,,,
6543,01/16/18 06:40:00  PM,7.845,,,,
6544,01/16/18 06:50:00  PM,7.845,,,,
6545,01/16/18 07:00:00  PM,7.870,,,,
6546,01/16/18 07:10:00  PM,7.870,,,,
6547,01/16/18 07:20:00  PM,7.870,,,,
6548,01/16/18 07:30:00  PM,7.870,,,,
6549,01/16/18 07:40:00  PM,7.895,,,,
6550,01/16/18 07:50:00  PM,7.870,,,,
6551,01/16/18 08:00:00  PM,7.870,,,,
6552,01/16/18 08:10:00  PM,7.845,,,,
6553,01/16/18 08:20:00  PM,7.845,,,,
6554,01/16/18 08:30:00  PM,7.795,,,,
6555,01/16/18 08:40:00  PM,7.820,,,,
6556,01/16/18 08:50:00  PM,7.820,,,,
6557,01/16/18 09:00:00  PM,7.795,,,,
6558,01/16/18 09:10:00  PM,7.795,,,,
6559,01/16/18 09:20:00  PM,7.795,,,,
6560,01/16/18 09:30:00  PM,7.770,,,,
6561,01/16/18 09:40:00  PM,7.770,,,,
6562,01/16/18 09:50:00  PM,7.770,,,,
6563,01/16/18 10:00:00  PM,7.770,,,,
6564,01/16/18 10:10:00  PM,7.745,,,,
6565,01/16/18 10:20:00  PM,7.720,,,,
6566,01/16/18 10:30:00  PM,7.720,,,,
6567,01/16/18 10:40:00  PM,7.695,,,,
6568,01/16/18 10:50:00  PM,7.670,,,,
6569,01/16/18 11:00:00  PM,7.670,,,,
6570,01/16/18 11:10:00  PM,7.695,,,,
6571,01/16/18 11:20:00  PM,7.670,,,,
6572,01/16/18 11:30:00  PM,7.695,,,,
6573,01/16/18 11:40:00  PM,7.695,,,,
6574,01/16/18 11:50:00  PM,7.720,,,,
6575,01/17/18 12:00:00  AM,7.720,,,,
6576,01/17/18 12:10:00  AM,7.720,,,,
6577,01/17/18 12:20:00  AM,7.720,,,,
6578,01/17/18 12:30:00  AM,7.720,,,,
6579,01/17/18 12:40:00  AM,7.720,,,,
6580,01/17/18 12:50:00  AM,7.720,,,,
6581,01/17/18 01:00:00  AM,7.745,,,,
6582,01/17/18 01:10:00  AM,7.745,,,,
6583,01/17/18 01:20:00  AM,7.745,,,,
6584,01/17/18 01:30:00  AM,7.745,,,,
6585,01/17/18 01:40:00  AM,7.720,,,,
6586,01/17/18 01:50:00  AM,7.745,,,,
6587,01/17/18 02:00:00  AM,7.745,,,,
6588,01/17/18 02:10:00  AM,7.745,,,,
6589,01/17/18 02:20:00  AM,7.745,,,,
6590,01/17/18 02:30:00  AM,7.745,,,,
6591,01/17/18 02:40:00  AM,7.745,,,,
6592,01/17/18 02:50:00  AM,7.745,,,,
6593,01/17/18 03:00:00  AM,7.745,,,,
6594,01/17/18 03:10:00  AM,7.720,,,,
6595,01/17/18 03:20:00  AM,7.720,,,,
6596,01/17/18 03:30:00  AM,7.720,,,,
6597,01/17/18 03:40:00  AM,7.720,,,,
6598,01/17/18 03:50:00  AM,7.720,,,,
6599,01/17/18 04:00:00  AM,7.745,,,,
6600,01/17/18 04:10:00  AM,7.745,,,,
6601,01/17/18 04:20:00  AM,7.745,,,,
6602,01/17/18 04:30:00  AM,7.745,,,,
6603,01/17/18 04:40:00  AM,7.795,,,,
6604,01/17/18 04:50:00  AM,7.770,,,,
6605,01/17/18 05:00:00  AM,7.795,,,,
6606,01/17/18 05:10:00  AM,7.795,,,,
6607,01/17/18 05:20:00  AM,7.820,,,,
6608,01/17/18 05:30:00  AM,7.820,,,,
6609,01/17/18 05:40:00  AM,7.820,,,,
6610,01/17/18 05:50:00  AM,7.870,,,,
6611,01/17/18 06:00:00  AM,7.870,,,,
6612,01/17/18 06:10:00  AM,7.870,,,,
6613,01/17/18 06:20:00  AM,7.845,,,,
6614,01/17/18 06:30:00  AM,7.845,,,,
6615,01/17/18 06:40:00  AM,7.820,,,,
6616,01/17/18 06:50:00  AM,7.820,,,,
6617,01/17/18 07:00:00  AM,7.820,,,,
6618,01/17/18 07:10:00  AM,7.820,,,,
6619,01/17/18 07:20:00  AM,7.795,,,,
6620,01/17/18 07:30:00  AM,7.795,,,,
6621,01/17/18 07:40:00  AM,7.795,,,,
6622,01/17/18 07:50:00  AM,7.795,,,,
6623,01/17/18 08:00:00  AM,7.795,,,,
6624,01/17/18 08:10:00  AM,7.795,,,,
6625,01/17/18 08:20:00  AM,7.745,,,,
6626,01/17/18 08:30:00  AM,7.770,,,,
6627,01/17/18 08:40:00  AM,7.770,,,,
6628,01/17/18 08:50:00  AM,7.770,,,,
6629,01/17/18 09:00:00  AM,7.795,,,,
6630,01/17/18 09:10:00  AM,7.770,,,,
6631,01/17/18 09:20:00  AM,7.745,,,,
6632,01/17/18 09:30:00  AM,7.745,,,,
6633,01/17/18 09:40:00  AM,7.770,,,,
6634,01/17/18 09:50:00  AM,7.770,,,,
6635,01/17/18 10:00:00  AM,7.745,,,,
6636,01/17/18 10:10:00  AM,7.770,,,,
6637,01/17/18 10:20:00  AM,7.770,,,,
6638,01/17/18 10:30:00  AM,7.795,,,,
6639,01/17/18 10:40:00  AM,7.795,,,,
6640,01/17/18 10:50:00  AM,7.795,,,,
6641,01/17/18 11:00:00  AM,7.820,,,,
6642,01/17/18 11:10:00  AM,7.795,,,,
6643,01/17/18 11:20:00  AM,7.795,,,,
6644,01/17/18 11:30:00  AM,7.820,,,,
6645,01/17/18 11:40:00  AM,7.795,,,,
6646,01/17/18 11:50:00  AM,7.795,,,,
6647,01/17/18 12:00:00  PM,7.795,,,,
6648,01/17/18 12:10:00  PM,7.820,,,,
6649,01/17/18 12:20:00  PM,7.795,,,,
6650,01/17/18 12:30:00  PM,7.795,,,,
6651,01/17/18 12:40:00  PM,7.795,,,,
6652,01/17/18 12:50:00  PM,7.820,,,,
6653,01/17/18 01:00:00  PM,7.820,,,,
6654,01/17/18 01:10:00  PM,7.845,,,,
6655,01/17/18 01:20:00  PM,7.870,,,,
6656,01/17/18 01:30:00  PM,7.870,,,,
6657,01/17/18 01:40:00  PM,7.870,,,,
6658,01/17/18 01:50:00  PM,7.870,,,,
6659,01/17/18 02:00:00  PM,7.870,,,,
6660,01/17/18 02:10:00  PM,7.870,,,,
6661,01/17/18 02:20:00  PM,7.870,,,,
6662,01/17/18 02:30:00  PM,7.895,,,,
6663,01/17/18 02:40:00  PM,7.895,,,,
6664,01/17/18 02:50:00  PM,7.920,,,,
6665,01/17/18 03:00:00  PM,7.870,,,,
6666,01/17/18 03:10:00  PM,7.845,,,,
6667,01/17/18 03:20:00  PM,7.870,,,,
6668,01/17/18 03:30:00  PM,7.870,,,,
6669,01/17/18 03:40:00  PM,7.870,,,,
6670,01/17/18 03:50:00  PM,7.870,,,,
6671,01/17/18 04:00:00  PM,7.845,,,,
6672,01/17/18 04:10:00  PM,7.870,,,,
6673,01/17/18 04:20:00  PM,7.870,,,,
6674,01/17/18 04:30:00  PM,7.820,,,,
6675,01/17/18 04:40:00  PM,7.770,,,,
6676,01/17/18 04:50:00  PM,7.770,,,,
6677,01/17/18 05:00:00  PM,7.795,,,,
6678,01/17/18 05:10:00  PM,7.795,,,,
6679,01/17/18 05:20:00  PM,7.820,,,,
6680,01/17/18 05:30:00  PM,7.795,,,,
6681,01/17/18 05:40:00  PM,7.795,,,,
6682,01/17/18 05:50:00  PM,7.795,,,,
6683,01/17/18 06:00:00  PM,7.795,,,,
6684,01/17/18 06:10:00  PM,7.795,,,,
6685,01/17/18 06:20:00  PM,7.820,,,,
6686,01/17/18 06:30:00  PM,7.795,,,,
6687,01/17/18 06:40:00  PM,7.820,,,,
6688,01/17/18 06:50:00  PM,7.795,,,,
6689,01/17/18 07:00:00  PM,7.795,,,,
6690,01/17/18 07:10:00  PM,7.795,,,,
6691,01/17/18 07:20:00  PM,7.795,,,,
6692,01/17/18 07:30:00  PM,7.795,,,,
6693,01/17/18 07:40:00  PM,7.795,,,,
6694,01/17/18 07:50:00  PM,7.795,,,,
6695,01/17/18 08:00:00  PM,7.795,,,,
6696,01/17/18 08:10:00  PM,7.795,,,,
6697,01/17/18 08:20:00  PM,7.820,,,,
6698,01/17/18 08:30:00  PM,7.820,,,,
6699,01/17/18 08:40:00  PM,7.820,,,,
6700,01/17/18 08:50:00  PM,7.820,,,,
6701,01/17/18 09:00:00  PM,7.820,,,,
6702,01/17/18 09:10:00  PM,7.820,,,,
6703,01/17/18 09:20:00  PM,7.795,,,,
6704,01/17/18 09:30:00  PM,7.770,,,,
6705,01/17/18 09:40:00  PM,7.795,,,,
6706,01/17/18 09:50:00  PM,7.770,,,,
6707,01/17/18 10:00:00  PM,7.770,,,,
6708,01/17/18 10:10:00  PM,7.770,,,,
6709,01/17/18 10:20:00  PM,7.770,,,,
6710,01/17/18 10:30:00  PM,7.795,,,,
6711,01/17/18 10:40:00  PM,7.795,,,,
6712,01/17/18 10:50:00  PM,7.795,,,,
6713,01/17/18 11:00:00  PM,7.820,,,,
6714,01/17/18 11:10:00  PM,7.795,,,,
6715,01/17/18 11:20:00  PM,7.795,,,,
6716,01/17/18 11:30:00  PM,7.770,,,,
6717,01/17/18 11:40:00  PM,7.770,,,,
6718,01/17/18 11:50:00  PM,7.795,,,,
6719,01/18/18 12:00:00  AM,7.770,,,,
6720,01/18/18 12:10:00  AM,7.770,,,,
6721,01/18/18 12:20:00  AM,7.770,,,,
6722,01/18/18 12:30:00  AM,7.770,,,,
6723,01/18/18 12:40:00  AM,7.845,,,,
6724,01/18/18 12:50:00  AM,7.795,,,,
6725,01/18/18 01:00:00  AM,7.820,,,,
6726,01/18/18 01:10:00  AM,7.820,,,,
6727,01/18/18 01:20:00  AM,7.845,,,,
6728,01/18/18 01:30:00  AM,7.820,,,,
6729,01/18/18 01:40:00  AM,7.820,,,,
6730,01/18/18 01:50:00  AM,7.820,,,,
6731,01/18/18 02:00:00  AM,7.820,,,,
6732,01/18/18 02:10:00  AM,7.845,,,,
6733,01/18/18 02:20:00  AM,7.845,,,,
6734,01/18/18 02:30:00  AM,7.845,,,,
6735,01/18/18 02:40:00  AM,7.845,,,,
6736,01/18/18 02:50:00  AM,7.870,,,,
6737,01/18/18 03:00:00  AM,7.895,,,,
6738,01/18/18 03:10:00  AM,7.895,,,,
6739,01/18/18 03:20:00  AM,7.870,,,,
6740,01/18/18 03:30:00  AM,7.870,,,,
6741,01/18/18 03:40:00  AM,7.895,,,,
6742,01/18/18 03:50:00  AM,7.895,,,,
6743,01/18/18 04:00:00  AM,7.845,,,,
6744,01/18/18 04:10:00  AM,7.795,,,,
6745,01/18/18 04:20:00  AM,7.770,,,,
6746,01/18/18 04:30:00  AM,7.770,,,,
6747,01/18/18 04:40:00  AM,7.770,,,,
6748,01/18/18 04:50:00  AM,7.770,,,,
6749,01/18/18 05:00:00  AM,7.795,,,,
6750,01/18/18 05:10:00  AM,7.795,,,,
6751,01/18/18 05:20:00  AM,7.770,,,,
6752,01/18/18 05:30:00  AM,7.770,,,,
6753,01/18/18 05:40:00  AM,7.770,,,,
6754,01/18/18 05:50:00  AM,7.770,,,,
6755,01/18/18 06:00:00  AM,7.795,,,,
6756,01/18/18 06:10:00  AM,7.770,,,,
6757,01/18/18 06:20:00  AM,7.770,,,,
6758,01/18/18 06:30:00  AM,7.795,,,,
6759,01/18/18 06:40:00  AM,7.795,,,,
6760,01/18/18 06:50:00  AM,7.770,,,,
6761,01/18/18 07:00:00  AM,7.770,,,,
6762,01/18/18 07:10:00  AM,7.770,,,,
6763,01/18/18 07:20:00  AM,7.770,,,,
6764,01/18/18 07:30:00  AM,7.770,,,,
6765,01/18/18 07:40:00  AM,7.770,,,,
6766,01/18/18 07:50:00  AM,7.770,,,,
6767,01/18/18 08:00:00  AM,7.770,,,,
6768,01/18/18 08:10:00  AM,7.770,,,,
6769,01/18/18 08:20:00  AM,7.745,,,,
6770,01/18/18 08:30:00  AM,7.770,,,,
6771,01/18/18 08:40:00  AM,7.770,,,,
6772,01/18/18 08:50:00  AM,7.770,,,,
6773,01/18/18 09:00:00  AM,7.795,,,,
6774,01/18/18 09:10:00  AM,7.770,,,,
6775,01/18/18 09:20:00  AM,7.795,,,,
6776,01/18/18 09:30:00  AM,7.795,,,,
6777,01/18/18 09:40:00  AM,7.795,,,,
6778,01/18/18 09:50:00  AM,7.770,,,,
6779,01/18/18 10:00:00  AM,7.795,,,,
6780,01/18/18 10:10:00  AM,7.770,,,,
6781,01/18/18 10:20:00  AM,7.770,,,,
6782,01/18/18 10:30:00  AM,7.745,,,,
6783,01/18/18 10:40:00  AM,7.745,,,,
6784,01/18/18 10:50:00  AM,7.745,,,,
6785,01/18/18 11:00:00  AM,7.745,,,,
6786,01/18/18 11:10:00  AM,7.745,,,,
6787,01/18/18 11:20:00  AM,7.745,,,,
6788,01/18/18 11:30:00  AM,7.745,,,,
6789,01/18/18 11:40:00  AM,7.745,,,,
6790,01/18/18 11:50:00  AM,7.770,,,,
6791,01/18/18 12:00:00  PM,7.745,,,,
6792,01/18/18 12:10:00  PM,7.770,,,,
6793,01/18/18 12:20:00  PM,7.770,,,,
6794,01/18/18 12:30:00  PM,7.770,,,,
6795,01/18/18 12:40:00  PM,7.770,,,,
6796,01/18/18 12:50:00  PM,7.770,,,,
6797,01/18/18 01:00:00  PM,7.770,,,,
6798,01/18/18 01:10:00  PM,7.795,,,,
6799,01/18/18 01:20:00  PM,7.820,,,,
6800,01/18/18 01:30:00  PM,7.820,,,,
6801,01/18/18 01:40:00  PM,7.795,,,,
6802,01/18/18 01:50:00  PM,7.795,,,,
6803,01/18/18 02:00:00  PM,7.795,,,,
6804,01/18/18 02:10:00  PM,7.770,,,,
6805,01/18/18 02:20:00  PM,7.770,,,,
6806,01/18/18 02:30:00  PM,7.770,,,,
6807,01/18/18 02:40:00  PM,7.770,,,,
6808,01/18/18 02:50:00  PM,7.770,,,,
6809,01/18/18 03:00:00  PM,7.770,,,,
6810,01/18/18 03:10:00  PM,7.770,,,,
6811,01/18/18 03:20:00  PM,7.770,,,,
6812,01/18/18 03:30:00  PM,7.770,,,,
6813,01/18/18 03:40:00  PM,7.770,,,,
6814,01/18/18 03:50:00  PM,7.770,,,,
6815,01/18/18 04:00:00  PM,7.770,,,,
6816,01/18/18 04:10:00  PM,7.770,,,,
6817,01/18/18 04:20:00  PM,7.820,,,,
6818,01/18/18 04:30:00  PM,7.820,,,,
6819,01/18/18 04:40:00  PM,7.845,,,,
6820,01/18/18 04:50:00  PM,7.845,,,,
6821,01/18/18 05:00:00  PM,7.845,,,,
6822,01/18/18 05:10:00  PM,7.820,,,,
6823,01/18/18 05:20:00  PM,7.845,,,,
6824,01/18/18 05:30:00  PM,7.820,,,,
6825,01/18/18 05:40:00  PM,7.820,,,,
6826,01/18/18 05:50:00  PM,7.820,,,,
6827,01/18/18 06:00:00  PM,7.820,,,,
6828,01/18/18 06:10:00  PM,7.820,,,,
6829,01/18/18 06:20:00  PM,7.820,,,,
6830,01/18/18 06:30:00  PM,7.820,,,,
6831,01/18/18 06:40:00  PM,7.820,,,,
6832,01/18/18 06:50:00  PM,7.820,,,,
6833,01/18/18 07:00:00  PM,7.820,,,,
6834,01/18/18 07:10:00  PM,7.820,,,,
6835,01/18/18 07:20:00  PM,7.820,,,,
6836,01/18/18 07:30:00  PM,7.795,,,,
6837,01/18/18 07:40:00  PM,7.795,,,,
6838,01/18/18 07:50:00  PM,7.795,,,,
6839,01/18/18 08:00:00  PM,7.820,,,,
6840,01/18/18 08:10:00  PM,7.820,,,,
6841,01/18/18 08:20:00  PM,7.795,,,,
6842,01/18/18 08:30:00  PM,7.795,,,,
6843,01/18/18 08:40:00  PM,7.770,,,,
6844,01/18/18 08:50:00  PM,7.770,,,,
6845,01/18/18 09:00:00  PM,7.770,,,,
6846,01/18/18 09:10:00  PM,7.770,,,,
6847,01/18/18 09:20:00  PM,7.795,,,,
6848,01/18/18 09:30:00  PM,7.770,,,,
6849,01/18/18 09:40:00  PM,7.770,,,,
6850,01/18/18 09:50:00  PM,7.770,,,,
6851,01/18/18 10:00:00  PM,7.795,,,,
6852,01/18/18 10:10:00  PM,7.770,,,,
6853,01/18/18 10:20:00  PM,7.795,,,,
6854,01/18/18 10:30:00  PM,7.795,,,,
6855,01/18/18 10:40:00  PM,7.795,,,,
6856,01/18/18 10:50:00  PM,7.770,,,,
6857,01/18/18 11:00:00  PM,7.770,,,,
6858,01/18/18 11:10:00  PM,7.745,,,,
6859,01/18/18 11:20:00  PM,7.770,,,,
6860,01/18/18 11:30:00  PM,7.745,,,,
6861,01/18/18 11:40:00  PM,7.795,,,,
6862,01/18/18 11:50:00  PM,7.795,,,,
6863,01/19/18 12:00:00  AM,7.795,,,,
6864,01/19/18 12:10:00  AM,7.820,,,,
6865,01/19/18 12:20:00  AM,7.795,,,,
6866,01/19/18 12:30:00  AM,7.845,,,,
6867,01/19/18 12:40:00  AM,7.945,,,,
6868,01/19/18 12:50:00  AM,7.945,,,,
6869,01/19/18 01:00:00  AM,7.970,,,,
6870,01/19/18 01:10:00  AM,7.970,,,,
6871,01/19/18 01:20:00  AM,7.995,,,,
6872,01/19/18 01:30:00  AM,8.020,,,,
6873,01/19/18 01:40:00  AM,7.995,,,,
6874,01/19/18 01:50:00  AM,8.020,,,,
6875,01/19/18 02:00:00  AM,7.995,,,,
6876,01/19/18 02:10:00  AM,7.945,,,,
6877,01/19/18 02:20:00  AM,7.945,,,,
6878,01/19/18 02:30:00  AM,7.970,,,,
6879,01/19/18 02:40:00  AM,7.945,,,,
6880,01/19/18 02:50:00  AM,7.870,,,,
6881,01/19/18 03:00:00  AM,7.870,,,,
6882,01/19/18 03:10:00  AM,7.945,,,,
6883,01/19/18 03:20:00  AM,7.945,,,,
6884,01/19/18 03:30:00  AM,7.920,,,,
6885,01/19/18 03:40:00  AM,7.895,,,,
6886,01/19/18 03:50:00  AM,7.920,,,,
6887,01/19/18 04:00:00  AM,7.945,,,,
6888,01/19/18 04:10:00  AM,7.820,,,,
6889,01/19/18 04:20:00  AM,7.795,,,,
6890,01/19/18 04:30:00  AM,7.745,,,,
6891,01/19/18 04:40:00  AM,7.745,,,,
6892,01/19/18 04:50:00  AM,7.720,,,,
6893,01/19/18 05:00:00  AM,7.720,,,,
6894,01/19/18 05:10:00  AM,7.720,,,,
6895,01/19/18 05:20:00  AM,7.720,,,,
6896,01/19/18 05:30:00  AM,7.770,,,,
6897,01/19/18 05:40:00  AM,7.795,,,,
6898,01/19/18 05:50:00  AM,7.795,,,,
6899,01/19/18 06:00:00  AM,7.820,,,,
6900,01/19/18 06:10:00  AM,7.820,,,,
6901,01/19/18 06:20:00  AM,7.820,,,,
6902,01/19/18 06:30:00  AM,7.820,,,,
6903,01/19/18 06:40:00  AM,7.820,,,,
6904,01/19/18 06:50:00  AM,7.820,,,,
6905,01/19/18 07:00:00  AM,7.795,,,,
6906,01/19/18 07:10:00  AM,7.795,,,,
6907,01/19/18 07:20:00  AM,7.820,,,,
6908,01/19/18 07:30:00  AM,7.795,,,,
6909,01/19/18 07:40:00  AM,7.795,,,,
6910,01/19/18 07:50:00  AM,7.795,,,,
6911,01/19/18 08:00:00  AM,7.770,,,,
6912,01/19/18 08:10:00  AM,7.770,,,,
6913,01/19/18 08:20:00  AM,7.745,,,,
6914,01/19/18 08:30:00  AM,7.745,,,,
6915,01/19/18 08:40:00  AM,7.745,,,,
6916,01/19/18 08:50:00  AM,7.770,,,,
6917,01/19/18 09:00:00  AM,7.770,,,,
6918,01/19/18 09:10:00  AM,7.770,,,,
6919,01/19/18 09:20:00  AM,7.770,,,,
6920,01/19/18 09:30:00  AM,7.795,,,,
6921,01/19/18 09:40:00  AM,7.745,,,,
6922,01/19/18 09:50:00  AM,7.770,,,,
6923,01/19/18 10:00:00  AM,7.770,,,,
6924,01/19/18 10:10:00  AM,7.770,,,,
6925,01/19/18 10:20:00  AM,7.770,,,,
6926,01/19/18 10:30:00  AM,7.770,,,,
6927,01/19/18 10:40:00  AM,7.745,,,,
6928,01/19/18 10:50:00  AM,7.745,,,,
6929,01/19/18 11:00:00  AM,7.745,,,,
6930,01/19/18 11:10:00  AM,7.745,,,,
6931,01/19/18 11:20:00  AM,7.745,,,,
6932,01/19/18 11:30:00  AM,7.745,,,,
6933,01/19/18 11:40:00  AM,7.745,,,,
6934,01/19/18 11:50:00  AM,7.745,,,,
6935,01/19/18 12:00:00  PM,7.745,,,,
6936,01/19/18 12:10:00  PM,7.745,,,,
6937,01/19/18 12:20:00  PM,7.770,,,,
6938,01/19/18 12:30:00  PM,7.770,,,,
6939,01/19/18 12:40:00  PM,7.820,,,,
6940,01/19/18 12:50:00  PM,7.795,,,,
6941,01/19/18 01:00:00  PM,7.845,,,,
6942,01/19/18 01:10:00  PM,7.845,,,,
6943,01/19/18 01:20:00  PM,7.845,,,,
6944,01/19/18 01:30:00  PM,7.820,,,,
6945,01/19/18 01:40:00  PM,7.795,,,,
6946,01/19/18 01:50:00  PM,7.795,,,,
6947,01/19/18 02:00:00  PM,7.795,,,,
6948,01/19/18 02:10:00  PM,7.845,,,,
6949,01/19/18 02:20:00  PM,7.820,,,,
6950,01/19/18 02:30:00  PM,7.820,,,,
6951,01/19/18 02:40:00  PM,7.795,,,,
6952,01/19/18 02:50:00  PM,7.770,,,,
6953,01/19/18 03:00:00  PM,7.770,,,,
6954,01/19/18 03:10:00  PM,7.745,,,,
6955,01/19/18 03:20:00  PM,7.720,,,,
6956,01/19/18 03:30:00  PM,7.720,,,,
6957,01/19/18 03:40:00  PM,7.720,,,,
6958,01/19/18 03:50:00  PM,7.720,,,,
6959,01/19/18 04:00:00  PM,7.720,,,,
6960,01/19/18 04:10:00  PM,7.720,,,,
6961,01/19/18 04:20:00  PM,7.720,,,,
6962,01/19/18 04:30:00  PM,7.720,,,,
6963,01/19/18 04:40:00  PM,7.720,,,,
6964,01/19/18 04:50:00  PM,7.720,,,,
6965,01/19/18 05:00:00  PM,7.745,,,,
6966,01/19/18 05:10:00  PM,7.770,,,,
6967,01/19/18 05:20:00  PM,7.770,,,,
6968,01/19/18 05:30:00  PM,7.770,,,,
6969,01/19/18 05:40:00  PM,7.795,,,,
6970,01/19/18 05:50:00  PM,7.795,,,,
6971,01/19/18 06:00:00  PM,7.795,,,,
6972,01/19/18 06:10:00  PM,7.795,,,,
6973,01/19/18 06:20:00  PM,7.795,,,,
6974,01/19/18 06:30:00  PM,7.795,,,,
6975,01/19/18 06:40:00  PM,7.795,,,,
6976,01/19/18 06:50:00  PM,7.795,,,,
6977,01/19/18 07:00:00  PM,7.770,,,,
6978,01/19/18 07:10:00  PM,7.795,,,,
6979,01/19/18 07:20:00  PM,7.795,,,,
6980,01/19/18 07:30:00  PM,7.770,,,,
6981,01/19/18 07:40:00  PM,7.770,,,,
6982,01/19/18 07:50:00  PM,7.770,,,,
6983,01/19/18 08:00:00  PM,7.770,,,,
6984,01/19/18 08:10:00  PM,7.770,,,,
6985,01/19/18 08:20:00  PM,7.745,,,,
6986,01/19/18 08:30:00  PM,7.745,,,,
6987,01/19/18 08:40:00  PM,7.745,,,,
6988,01/19/18 08:50:00  PM,7.720,,,,
6989,01/19/18 09:00:00  PM,7.720,,,,
6990,01/19/18 09:10:00  PM,7.720,,,,
6991,01/19/18 09:20:00  PM,7.720,,,,
6992,01/19/18 09:30:00  PM,7.720,,,,
6993,01/19/18 09:40:00  PM,7.695,,,,
6994,01/19/18 09:50:00  PM,7.720,,,,
6995,01/19/18 10:00:00  PM,7.720,,,,
6996,01/19/18 10:10:00  PM,7.720,,,,
6997,01/19/18 10:20:00  PM,7.745,,,,
6998,01/19/18 10:30:00  PM,7.745,,,,
6999,01/19/18 10:40:00  PM,7.745,,,,
7000,01/19/18 10:50:00  PM,7.745,,,,
7001,01/19/18 11:00:00  PM,7.745,,,,
7002,01/19/18 11:10:00  PM,7.770,,,,
7003,01/19/18 11:20:00  PM,7.770,,,,
7004,01/19/18 11:30:00  PM,7.745,,,,
7005,01/19/18 11:40:00  PM,7.745,,,,
7006,01/19/18 11:50:00  PM,7.745,,,,
7007,01/20/18 12:00:00  AM,7.745,,,,
7008,01/20/18 12:10:00  AM,7.745,,,,
7009,01/20/18 12:20:00  AM,7.770,,,,
7010,01/20/18 12:30:00  AM,7.770,,,,
7011,01/20/18 12:40:00  AM,7.795,,,,
7012,01/20/18 12:50:00  AM,7.795,,,,
7013,01/20/18 01:00:00  AM,7.795,,,,
7014,01/20/18 01:10:00  AM,7.820,,,,
7015,01/20/18 01:20:00  AM,7.795,,,,
7016,01/20/18 01:30:00  AM,7.820,,,,
7017,01/20/18 01:40:00  AM,7.795,,,,
7018,01/20/18 01:50:00  AM,7.820,,,,
7019,01/20/18 02:00:00  AM,7.845,,,,
7020,01/20/18 02:10:00  AM,7.845,,,,
7021,01/20/18 02:20:00  AM,7.845,,,,
7022,01/20/18 02:30:00  AM,7.870,,,,
7023,01/20/18 02:40:00  AM,7.870,,,,
7024,01/20/18 02:50:00  AM,7.870,,,,
7025,01/20/18 03:00:00  AM,7.920,,,,
7026,01/20/18 03:10:00  AM,7.945,,,,
7027,01/20/18 03:20:00  AM,7.945,,,,
7028,01/20/18 03:30:00  AM,7.970,,,,
7029,01/20/18 03:40:00  AM,7.970,,,,
7030,01/20/18 03:50:00  AM,8.045,,,,
7031,01/20/18 04:00:00  AM,7.845,,,,
7032,01/20/18 04:10:00  AM,7.770,,,,
7033,01/20/18 04:20:00  AM,7.745,,,,
7034,01/20/18 04:30:00  AM,7.745,,,,
7035,01/20/18 04:40:00  AM,7.720,,,,
7036,01/20/18 04:50:00  AM,7.695,,,,
7037,01/20/18 05:00:00  AM,7.695,,,,
7038,01/20/18 05:10:00  AM,7.695,,,,
7039,01/20/18 05:20:00  AM,7.720,,,,
7040,01/20/18 05:30:00  AM,7.670,,,,
7041,01/20/18 05:40:00  AM,7.670,,,,
7042,01/20/18 05:50:00  AM,7.670,,,,
7043,01/20/18 06:00:00  AM,7.670,,,,
7044,01/20/18 06:10:00  AM,7.670,,,,
7045,01/20/18 06:20:00  AM,7.720,,,,
7046,01/20/18 06:30:00  AM,7.720,,,,
7047,01/20/18 06:40:00  AM,7.720,,,,
7048,01/20/18 06:50:00  AM,7.745,,,,
7049,01/20/18 07:00:00  AM,7.720,,,,
7050,01/20/18 07:10:00  AM,7.720,,,,
7051,01/20/18 07:20:00  AM,7.720,,,,
7052,01/20/18 07:30:00  AM,7.720,,,,
7053,01/20/18 07:40:00  AM,7.720,,,,
7054,01/20/18 07:50:00  AM,7.720,,,,
7055,01/20/18 08:00:00  AM,7.720,,,,
7056,01/20/18 08:10:00  AM,7.720,,,,
7057,01/20/18 08:20:00  AM,7.720,,,,
7058,01/20/18 08:30:00  AM,7.695,,,,
7059,01/20/18 08:40:00  AM,7.720,,,,
7060,01/20/18 08:50:00  AM,7.695,,,,
7061,01/20/18 09:00:00  AM,7.695,,,,
7062,01/20/18 09:10:00  AM,7.695,,,,
7063,01/20/18 09:20:00  AM,7.695,,,,
7064,01/20/18 09:30:00  AM,7.695,,,,
7065,01/20/18 09:40:00  AM,7.670,,,,
7066,01/20/18 09:50:00  AM,7.670,,,,
7067,01/20/18 10:00:00  AM,7.670,,,,
7068,01/20/18 10:10:00  AM,7.670,,,,
7069,01/20/18 10:20:00  AM,7.670,,,,
7070,01/20/18 10:30:00  AM,7.670,,,,
7071,01/20/18 10:40:00  AM,7.670,,,,
7072,01/20/18 10:50:00  AM,7.695,,,,
7073,01/20/18 11:00:00  AM,7.695,,,,
7074,01/20/18 11:10:00  AM,7.720,,,,
7075,01/20/18 11:20:00  AM,7.720,,,,
7076,01/20/18 11:30:00  AM,7.720,,,,
7077,01/20/18 11:40:00  AM,7.720,,,,
7078,01/20/18 11:50:00  AM,7.745,,,,
7079,01/20/18 12:00:00  PM,7.770,,,,
7080,01/20/18 12:10:00  PM,7.745,,,,
7081,01/20/18 12:20:00  PM,7.770,,,,
7082,01/20/18 12:30:00  PM,7.770,,,,
7083,01/20/18 12:40:00  PM,7.745,,,,
7084,01/20/18 12:50:00  PM,7.795,,,,
7085,01/20/18 01:00:00  PM,7.770,,,,
7086,01/20/18 01:10:00  PM,7.720,,,,
7087,01/20/18 01:20:00  PM,7.720,,,,
7088,01/20/18 01:30:00  PM,7.770,,,,
7089,01/20/18 01:40:00  PM,7.845,,,,
7090,01/20/18 01:50:00  PM,7.845,,,,
7091,01/20/18 02:00:00  PM,7.795,,,,
7092,01/20/18 02:10:00  PM,7.820,,,,
7093,01/20/18 02:20:00  PM,7.820,,,,
7094,01/20/18 02:30:00  PM,7.770,,,,
7095,01/20/18 02:40:00  PM,7.820,,,,
7096,01/20/18 02:50:00  PM,7.795,,,,
7097,01/20/18 03:00:00  PM,7.745,,,,
7098,01/20/18 03:10:00  PM,7.745,,,,
7099,01/20/18 03:20:00  PM,7.745,,,,
7100,01/20/18 03:30:00  PM,7.745,,,,
7101,01/20/18 03:40:00  PM,7.745,,,,
7102,01/20/18 03:50:00  PM,7.745,,,,
7103,01/20/18 04:00:00  PM,7.745,,,,
7104,01/20/18 04:10:00  PM,7.770,,,,
7105,01/20/18 04:20:00  PM,7.745,,,,
7106,01/20/18 04:30:00  PM,7.745,,,,
7107,01/20/18 04:40:00  PM,7.745,,,,
7108,01/20/18 04:50:00  PM,7.720,,,,
7109,01/20/18 05:00:00  PM,7.720,,,,
7110,01/20/18 05:10:00  PM,7.720,,,,
7111,01/20/18 05:20:00  PM,7.695,,,,
7112,01/20/18 05:30:00  PM,7.695,,,,
7113,01/20/18 05:40:00  PM,7.695,,,,
7114,01/20/18 05:50:00  PM,7.695,,,,
7115,01/20/18 06:00:00  PM,7.695,,,,
7116,01/20/18 06:10:00  PM,7.720,,,,
7117,01/20/18 06:20:00  PM,7.720,,,,
7118,01/20/18 06:30:00  PM,7.745,,,,
7119,01/20/18 06:40:00  PM,7.770,,,,
7120,01/20/18 06:50:00  PM,7.770,,,,
7121,01/20/18 07:00:00  PM,7.770,,,,
7122,01/20/18 07:10:00  PM,7.770,,,,
7123,01/20/18 07:20:00  PM,7.770,,,,
7124,01/20/18 07:30:00  PM,7.770,,,,
7125,01/20/18 07:40:00  PM,7.770,,,,
7126,01/20/18 07:50:00  PM,7.770,,,,
7127,01/20/18 08:00:00  PM,7.770,,,,
7128,01/20/18 08:10:00  PM,7.745,,,,
7129,01/20/18 08:20:00  PM,7.745,,,,
7130,01/20/18 08:30:00  PM,7.745,,,,
7131,01/20/18 08:40:00  PM,7.745,,,,
7132,01/20/18 08:50:00  PM,7.745,,,,
7133,01/20/18 09:00:00  PM,7.745,,,,
7134,01/20/18 09:10:00  PM,7.745,,,,
7135,01/20/18 09:20:00  PM,7.745,,,,
7136,01/20/18 09:30:00  PM,7.745,,,,
7137,01/20/18 09:40:00  PM,7.720,,,,
7138,01/20/18 09:50:00  PM,7.720,,,,
7139,01/20/18 10:00:00  PM,7.720,,,,
7140,01/20/18 10:10:00  PM,7.720,,,,
7141,01/20/18 10:20:00  PM,7.720,,,,
7142,01/20/18 10:30:00  PM,7.720,,,,
7143,01/20/18 10:40:00  PM,7.720,,,,
7144,01/20/18 10:50:00  PM,7.720,,,,
7145,01/20/18 11:00:00  PM,7.720,,,,
7146,01/20/18 11:10:00  PM,7.720,,,,
7147,01/20/18 11:20:00  PM,7.745,,,,
7148,01/20/18 11:30:00  PM,7.720,,,,
7149,01/20/18 11:40:00  PM,7.720,,,,
7150,01/20/18 11:50:00  PM,7.720,,,,
7151,01/21/18 12:00:00  AM,7.745,,,,
7152,01/21/18 12:10:00  AM,7.770,,,,
7153,01/21/18 12:20:00  AM,7.745,,,,
7154,01/21/18 12:30:00  AM,7.720,,,,
7155,01/21/18 12:40:00  AM,7.745,,,,
7156,01/21/18 12:50:00  AM,7.745,,,,
7157,01/21/18 01:00:00  AM,7.795,,,,
7158,01/21/18 01:10:00  AM,7.870,,,,
7159,01/21/18 01:20:00  AM,7.895,,,,
7160,01/21/18 01:30:00  AM,7.895,,,,
7161,01/21/18 01:40:00  AM,7.995,,,,
7162,01/21/18 01:50:00  AM,7.970,,,,
7163,01/21/18 02:00:00  AM,7.945,,,,
7164,01/21/18 02:10:00  AM,7.920,,,,
7165,01/21/18 02:20:00  AM,7.970,,,,
7166,01/21/18 02:30:00  AM,7.995,,,,
7167,01/21/18 02:40:00  AM,7.995,,,,
7168,01/21/18 02:50:00  AM,7.945,,,,
7169,01/21/18 03:00:00  AM,7.945,,,,
7170,01/21/18 03:10:00  AM,7.945,,,,
7171,01/21/18 03:20:00  AM,7.970,,,,
7172,01/21/18 03:30:00  AM,7.970,,,,
7173,01/21/18 03:40:00  AM,7.870,,,,
7174,01/21/18 03:50:00  AM,8.020,,,,
7175,01/21/18 04:00:00  AM,8.045,,,,
7176,01/21/18 04:10:00  AM,8.045,,,,
7177,01/21/18 04:20:00  AM,8.070,,,,
7178,01/21/18 04:30:00  AM,8.070,,,,
7179,01/21/18 04:40:00  AM,8.045,,,,
7180,01/21/18 04:50:00  AM,7.970,,,,
7181,01/21/18 05:00:00  AM,7.870,,,,
7182,01/21/18 05:10:00  AM,7.795,,,,
7183,01/21/18 05:20:00  AM,7.770,,,,
7184,01/21/18 05:30:00  AM,7.770,,,,
7185,01/21/18 05:40:00  AM,7.770,,,,
7186,01/21/18 05:50:00  AM,7.745,,,,
7187,01/21/18 06:00:00  AM,7.770,,,,
7188,01/21/18 06:10:00  AM,7.745,,,,
7189,01/21/18 06:20:00  AM,7.745,,,,
7190,01/21/18 06:30:00  AM,7.745,,,,
7191,01/21/18 06:40:00  AM,7.745,,,,
7192,01/21/18 06:50:00  AM,7.795,,,,
7193,01/21/18 07:00:00  AM,7.820,,,,
7194,01/21/18 07:10:00  AM,7.795,,,,
7195,01/21/18 07:20:00  AM,7.770,,,,
7196,01/21/18 07:30:00  AM,7.770,,,,
7197,01/21/18 07:40:00  AM,7.770,,,,
7198,01/21/18 07:50:00  AM,7.770,,,,
7199,01/21/18 08:00:00  AM,7.795,,,,
7200,01/21/18 08:10:00  AM,7.770,,,,
7201,01/21/18 08:20:00  AM,7.795,,,,
7202,01/21/18 08:30:00  AM,7.770,,,,
7203,01/21/18 08:40:00  AM,7.770,,,,
7204,01/21/18 08:50:00  AM,7.770,,,,
7205,01/21/18 09:00:00  AM,7.770,,,,
7206,01/21/18 09:10:00  AM,7.770,,,,
7207,01/21/18 09:20:00  AM,7.770,,,,
7208,01/21/18 09:30:00  AM,7.770,,,,
7209,01/21/18 09:40:00  AM,7.770,,,,
7210,01/21/18 09:50:00  AM,7.770,,,,
7211,01/21/18 10:00:00  AM,7.770,,,,
7212,01/21/18 10:10:00  AM,7.770,,,,
7213,01/21/18 10:20:00  AM,7.770,,,,
7214,01/21/18 10:30:00  AM,7.770,,,,
7215,01/21/18 10:40:00  AM,7.770,,,,
7216,01/21/18 10:50:00  AM,7.770,,,,
7217,01/21/18 11:00:00  AM,7.770,,,,
7218,01/21/18 11:10:00  AM,7.770,,,,
7219,01/21/18 11:20:00  AM,7.770,,,,
7220,01/21/18 11:30:00  AM,7.770,,,,
7221,01/21/18 11:40:00  AM,7.770,,,,
7222,01/21/18 11:50:00  AM,7.770,,,,
7223,01/21/18 12:00:00  PM,7.770,,,,
7224,01/21/18 12:10:00  PM,7.770,,,,
7225,01/21/18 12:20:00  PM,7.770,,,,
7226,01/21/18 12:30:00  PM,7.770,,,,
7227,01/21/18 12:40:00  PM,7.770,,,,
7228,01/21/18 12:50:00  PM,7.770,,,,
7229,01/21/18 01:00:00  PM,7.770,,,,
7230,01/21/18 01:10:00  PM,7.770,,,,
7231,01/21/18 01:20:00  PM,7.770,,,,
7232,01/21/18 01:30:00  PM,7.770,,,,
7233,01/21/18 01:40:00  PM,7.770,,,,
7234,01/21/18 01:50:00  PM,7.795,,,,
7235,01/21/18 02:00:00  PM,7.795,,,,
7236,01/21/18 02:10:00  PM,7.795,,,,
7237,01/21/18 02:20:00  PM,7.770,,,,
7238,01/21/18 02:30:00  PM,7.770,,,,
7239,01/21/18 02:40:00  PM,7.770,,,,
7240,01/21/18 02:50:00  PM,7.770,,,,
7241,01/21/18 03:00:00  PM,7.770,,,,
7242,01/21/18 03:10:00  PM,7.770,,,,
7243,01/21/18 03:20:00  PM,7.770,,,,
7244,01/21/18 03:30:00  PM,7.770,,,,
7245,01/21/18 03:40:00  PM,7.770,,,,
7246,01/21/18 03:50:00  PM,7.770,,,,
7247,01/21/18 04:00:00  PM,7.770,,,,
7248,01/21/18 04:10:00  PM,7.770,,,,
7249,01/21/18 04:20:00  PM,7.770,,,,
7250,01/21/18 04:30:00  PM,7.770,,,,
7251,01/21/18 04:40:00  PM,7.770,,,,
7252,01/21/18 04:50:00  PM,7.770,,,,
7253,01/21/18 05:00:00  PM,7.770,,,,
7254,01/21/18 05:10:00  PM,7.770,,,,
7255,01/21/18 05:20:00  PM,7.770,,,,
7256,01/21/18 05:30:00  PM,7.770,,,,
7257,01/21/18 05:40:00  PM,7.770,,,,
7258,01/21/18 05:50:00  PM,7.795,,,,
7259,01/21/18 06:00:00  PM,7.795,,,,
7260,01/21/18 06:10:00  PM,7.795,,,,
7261,01/21/18 06:20:00  PM,7.770,,,,
7262,01/21/18 06:30:00  PM,7.770,,,,
7263,01/21/18 06:40:00  PM,7.770,,,,
7264,01/21/18 06:50:00  PM,7.795,,,,
7265,01/21/18 07:00:00  PM,7.795,,,,
7266,01/21/18 07:10:00  PM,7.795,,,,
7267,01/21/18 07:20:00  PM,7.770,,,,
7268,01/21/18 07:30:00  PM,7.795,,,,
7269,01/21/18 07:40:00  PM,7.795,,,,
7270,01/21/18 07:50:00  PM,7.795,,,,
7271,01/21/18 08:00:00  PM,7.795,,,,
7272,01/21/18 08:10:00  PM,7.795,,,,
7273,01/21/18 08:20:00  PM,7.795,,,,
7274,01/21/18 08:30:00  PM,7.795,,,,
7275,01/21/18 08:40:00  PM,7.795,,,,
7276,01/21/18 08:50:00  PM,7.795,,,,
7277,01/21/18 09:00:00  PM,7.795,,,,
7278,01/21/18 09:10:00  PM,7.795,,,,
7279,01/21/18 09:20:00  PM,7.795,,,,
7280,01/21/18 09:30:00  PM,7.795,,,,
7281,01/21/18 09:40:00  PM,7.795,,,,
7282,01/21/18 09:50:00  PM,7.795,,,,
7283,01/21/18 10:00:00  PM,7.795,,,,
7284,01/21/18 10:10:00  PM,7.795,,,,
7285,01/21/18 10:20:00  PM,7.795,,,,
7286,01/21/18 10:30:00  PM,7.795,,,,
7287,01/21/18 10:40:00  PM,7.795,,,,
7288,01/21/18 10:50:00  PM,7.795,,,,
7289,01/21/18 11:00:00  PM,7.795,,,,
7290,01/21/18 11:10:00  PM,7.795,,,,
7291,01/21/18 11:20:00  PM,7.795,,,,
7292,01/21/18 11:30:00  PM,7.795,,,,
7293,01/21/18 11:40:00  PM,7.795,,,,
7294,01/21/18 11:50:00  PM,7.795,,,,
7295,01/22/18 12:00:00  AM,7.795,,,,
7296,01/22/18 12:10:00  AM,7.795,,,,
7297,01/22/18 12:20:00  AM,7.820,,,,
7298,01/22/18 12:30:00  AM,7.820,,,,
7299,01/22/18 12:40:00  AM,7.845,,,,
7300,01/22/18 12:50:00  AM,7.820,,,,
7301,01/22/18 01:00:00  AM,7.820,,,,
7302,01/22/18 01:10:00  AM,7.845,,,,
7303,01/22/18 01:20:00  AM,7.845,,,,
7304,01/22/18 01:30:00  AM,7.820,,,,
7305,01/22/18 01:40:00  AM,7.820,,,,
7306,01/22/18 01:50:00  AM,7.820,,,,
7307,01/22/18 02:00:00  AM,7.820,,,,
7308,01/22/18 02:10:00  AM,7.820,,,,
7309,01/22/18 02:20:00  AM,7.895,,,,
7310,01/22/18 02:30:00  AM,7.920,,,,
7311,01/22/18 02:40:00  AM,7.895,,,,
7312,01/22/18 02:50:00  AM,7.920,,,,
7313,01/22/18 03:00:00  AM,7.870,,,,
7314,01/22/18 03:10:00  AM,7.995,,,,
7315,01/22/18 03:20:00  AM,7.920,,,,
7316,01/22/18 03:30:00  AM,7.870,,,,
7317,01/22/18 03:40:00  AM,7.845,,,,
7318,01/22/18 03:50:00  AM,7.820,,,,
7319,01/22/18 04:00:00  AM,7.820,,,,
7320,01/22/18 04:10:00  AM,7.845,,,,
7321,01/22/18 04:20:00  AM,7.820,,,,
7322,01/22/18 04:30:00  AM,7.820,,,,
7323,01/22/18 04:40:00  AM,7.820,,,,
7324,01/22/18 04:50:00  AM,7.845,,,,
7325,01/22/18 05:00:00  AM,7.820,,,,
7326,01/22/18 05:10:00  AM,7.820,,,,
7327,01/22/18 05:20:00  AM,7.820,,,,
7328,01/22/18 05:30:00  AM,7.820,,,,
7329,01/22/18 05:40:00  AM,7.820,,,,
7330,01/22/18 05:50:00  AM,7.820,,,,
7331,01/22/18 06:00:00  AM,7.820,,,,
7332,01/22/18 06:10:00  AM,7.820,,,,
7333,01/22/18 06:20:00  AM,7.820,,,,
7334,01/22/18 06:30:00  AM,7.820,,,,
7335,01/22/18 06:40:00  AM,7.820,,,,
7336,01/22/18 06:50:00  AM,7.820,,,,
7337,01/22/18 07:00:00  AM,7.820,,,,
7338,01/22/18 07:10:00  AM,7.820,,,,
7339,01/22/18 07:20:00  AM,7.820,,,,
7340,01/22/18 07:30:00  AM,7.820,,,,
7341,01/22/18 07:40:00  AM,7.820,,,,
7342,01/22/18 07:50:00  AM,7.820,,,,
7343,01/22/18 08:00:00  AM,7.820,,,,
7344,01/22/18 08:10:00  AM,7.820,,,,
7345,01/22/18 08:20:00  AM,7.820,,,,
7346,01/22/18 08:30:00  AM,7.820,,,,
7347,01/22/18 08:40:00  AM,7.820,,,,
7348,01/22/18 08:50:00  AM,7.820,,,,
7349,01/22/18 09:00:00  AM,7.820,,,,
7350,01/22/18 09:10:00  AM,7.820,,,,
7351,01/22/18 09:20:00  AM,7.820,,,,
7352,01/22/18 09:30:00  AM,7.820,,,,
7353,01/22/18 09:40:00  AM,7.820,,,,
7354,01/22/18 09:50:00  AM,7.820,,,,
7355,01/22/18 10:00:00  AM,7.820,,,,
7356,01/22/18 10:10:00  AM,7.820,,,,
7357,01/22/18 10:20:00  AM,7.820,,,,
7358,01/22/18 10:30:00  AM,7.820,,,,
7359,01/22/18 10:40:00  AM,7.820,,,,
7360,01/22/18 10:50:00  AM,7.820,,,,
7361,01/22/18 11:00:00  AM,7.820,,,,
7362,01/22/18 11:10:00  AM,7.820,,,,
7363,01/22/18 11:20:00  AM,7.820,,,,
7364,01/22/18 11:30:00  AM,7.820,,,,
7365,01/22/18 11:40:00  AM,7.820,,,,
7366,01/22/18 11:50:00  AM,7.820,,,,
7367,01/22/18 12:00:00  PM,7.820,,,,
7368,01/22/18 12:10:00  PM,7.820,,,,
7369,01/22/18 12:20:00  PM,7.820,,,,
7370,01/22/18 12:30:00  PM,7.820,,,,
7371,01/22/18 12:40:00  PM,7.820,,,,
7372,01/22/18 12:50:00  PM,7.820,,,,
7373,01/22/18 01:00:00  PM,7.820,,,,
7374,01/22/18 01:10:00  PM,7.820,,,,
7375,01/22/18 01:20:00  PM,7.820,,,,
7376,01/22/18 01:30:00  PM,7.820,,,,
7377,01/22/18 01:40:00  PM,7.820,,,,
7378,01/22/18 01:50:00  PM,7.820,,,,
7379,01/22/18 02:00:00  PM,7.820,,,,
7380,01/22/18 02:10:00  PM,7.820,,,,
7381,01/22/18 02:20:00  PM,7.820,,,,
7382,01/22/18 02:30:00  PM,7.820,,,,
7383,01/22/18 02:40:00  PM,7.845,,,,
7384,01/22/18 02:50:00  PM,7.845,,,,
7385,01/22/18 03:00:00  PM,7.845,,,,
7386,01/22/18 03:10:00  PM,7.845,,,,
7387,01/22/18 03:20:00  PM,7.845,,,,
7388,01/22/18 03:30:00  PM,7.845,,,,
7389,01/22/18 03:40:00  PM,7.845,,,,
7390,01/22/18 03:50:00  PM,7.820,,,,
7391,01/22/18 04:00:00  PM,7.820,,,,
7392,01/22/18 04:10:00  PM,7.820,,,,
7393,01/22/18 04:20:00  PM,7.820,,,,
7394,01/22/18 04:30:00  PM,7.820,,,,
7395,01/22/18 04:40:00  PM,7.820,,,,
7396,01/22/18 04:50:00  PM,7.820,,,,
7397,01/22/18 05:00:00  PM,7.820,,,,
7398,01/22/18 05:10:00  PM,7.820,,,,
7399,01/22/18 05:20:00  PM,7.820,,,,
7400,01/22/18 05:30:00  PM,7.820,,,,
7401,01/22/18 05:40:00  PM,7.820,,,,
7402,01/22/18 05:50:00  PM,7.820,,,,
7403,01/22/18 06:00:00  PM,7.820,,,,
7404,01/22/18 06:10:00  PM,7.820,,,,
7405,01/22/18 06:20:00  PM,7.820,,,,
7406,01/22/18 06:30:00  PM,7.820,,,,
7407,01/22/18 06:40:00  PM,7.820,,,,
7408,01/22/18 06:50:00  PM,7.820,,,,
7409,01/22/18 07:00:00  PM,7.820,,,,
7410,01/22/18 07:10:00  PM,7.820,,,,
7411,01/22/18 07:20:00  PM,7.820,,,,
7412,01/22/18 07:30:00  PM,7.820,,,,
7413,01/22/18 07:40:00  PM,7.820,,,,
7414,01/22/18 07:50:00  PM,7.820,,,,
7415,01/22/18 08:00:00  PM,7.820,,,,
7416,01/22/18 08:10:00  PM,7.820,,,,
7417,01/22/18 08:20:00  PM,7.820,,,,
7418,01/22/18 08:30:00  PM,7.845,,,,
7419,01/22/18 08:40:00  PM,7.845,,,,
7420,01/22/18 08:50:00  PM,7.845,,,,
7421,01/22/18 09:00:00  PM,7.845,,,,
7422,01/22/18 09:10:00  PM,7.845,,,,
7423,01/22/18 09:20:00  PM,7.845,,,,
7424,01/22/18 09:30:00  PM,7.820,,,,
7425,01/22/18 09:40:00  PM,7.820,,,,
7426,01/22/18 09:50:00  PM,7.820,,,,
7427,01/22/18 10:00:00  PM,7.820,,,,
7428,01/22/18 10:10:00  PM,7.820,,,,
7429,01/22/18 10:20:00  PM,7.820,,,,
7430,01/22/18 10:30:00  PM,7.845,,,,
7431,01/22/18 10:40:00  PM,7.845,,,,
7432,01/22/18 10:50:00  PM,7.845,,,,
7433,01/22/18 11:00:00  PM,7.845,,,,
7434,01/22/18 11:10:00  PM,7.845,,,,
7435,01/22/18 11:20:00  PM,7.845,,,,
7436,01/22/18 11:30:00  PM,7.845,,,,
7437,01/22/18 11:40:00  PM,7.845,,,,
7438,01/22/18 11:50:00  PM,7.845,,,,
7439,01/23/18 12:00:00  AM,7.870,,,,
7440,01/23/18 12:10:00  AM,7.870,,,,
7441,01/23/18 12:20:00  AM,7.845,,,,
7442,01/23/18 12:30:00  AM,7.845,,,,
7443,01/23/18 12:40:00  AM,7.845,,,,
7444,01/23/18 12:50:00  AM,7.845,,,,
7445,01/23/18 01:00:00  AM,7.845,,,,
7446,01/23/18 01:10:00  AM,7.845,,,,
7447,01/23/18 01:20:00  AM,7.845,,,,
7448,01/23/18 01:30:00  AM,7.820,,,,
7449,01/23/18 01:40:00  AM,7.845,,,,
7450,01/23/18 01:50:00  AM,7.845,,,,
7451,01/23/18 02:00:00  AM,7.845,,,,
7452,01/23/18 02:10:00  AM,7.845,,,,
7453,01/23/18 02:20:00  AM,7.845,,,,
7454,01/23/18 02:30:00  AM,7.845,,,,
7455,01/23/18 02:40:00  AM,7.845,,,,
7456,01/23/18 02:50:00  AM,7.845,,,,
7457,01/23/18 03:00:00  AM,7.845,,,,
7458,01/23/18 03:10:00  AM,7.845,,,,
7459,01/23/18 03:20:00  AM,7.870,,,,
7460,01/23/18 03:30:00  AM,7.895,,,,
7461,01/23/18 03:40:00  AM,7.895,,,,
7462,01/23/18 03:50:00  AM,7.895,,,,
7463,01/23/18 04:00:00  AM,7.920,,,,
7464,01/23/18 04:10:00  AM,7.920,,,,
7465,01/23/18 04:20:00  AM,7.945,,,,
7466,01/23/18 04:30:00  AM,7.995,,,,
7467,01/23/18 04:40:00  AM,7.945,,,,
7468,01/23/18 04:50:00  AM,7.995,,,,
7469,01/23/18 05:00:00  AM,7.970,,,,
7470,01/23/18 05:10:00  AM,7.970,,,,
7471,01/23/18 05:20:00  AM,7.970,,,,
7472,01/23/18 05:30:00  AM,7.920,,,,
7473,01/23/18 05:40:00  AM,7.920,,,,
7474,01/23/18 05:50:00  AM,7.920,,,,
7475,01/23/18 06:00:00  AM,7.895,,,,
7476,01/23/18 06:10:00  AM,7.920,,,,
7477,01/23/18 06:20:00  AM,7.895,,,,
7478,01/23/18 06:30:00  AM,7.870,,,,
7479,01/23/18 06:40:00  AM,7.870,,,,
7480,01/23/18 06:50:00  AM,7.870,,,,
7481,01/23/18 07:00:00  AM,7.870,,,,
7482,01/23/18 07:10:00  AM,7.870,,,,
7483,01/23/18 07:20:00  AM,7.870,,,,
7484,01/23/18 07:30:00  AM,7.845,,,,
7485,01/23/18 07:40:00  AM,7.845,,,,
7486,01/23/18 07:50:00  AM,7.870,,,,
7487,01/23/18 08:00:00  AM,7.845,,,,
7488,01/23/18 08:10:00  AM,7.845,,,,
7489,01/23/18 08:20:00  AM,7.845,,,,
7490,01/23/18 08:30:00  AM,7.845,,,,
7491,01/23/18 08:40:00  AM,7.845,,,,
7492,01/23/18 08:50:00  AM,7.845,,,,
7493,01/23/18 09:00:00  AM,7.870,,,,
7494,01/23/18 09:10:00  AM,7.845,,,,
7495,01/23/18 09:20:00  AM,7.870,,,,
7496,01/23/18 09:30:00  AM,7.870,,,,
7497,01/23/18 09:40:00  AM,7.870,,,,
7498,01/23/18 09:50:00  AM,7.845,,,,
7499,01/23/18 10:00:00  AM,7.845,,,,
7500,01/23/18 10:10:00  AM,7.845,,,,
7501,01/23/18 10:20:00  AM,7.845,,,,
7502,01/23/18 10:30:00  AM,7.845,,,,
7503,01/23/18 10:40:00  AM,7.845,,,,
7504,01/23/18 10:50:00  AM,7.845,,,,
7505,01/23/18 11:00:00  AM,7.845,,,,
7506,01/23/18 11:10:00  AM,7.845,,,,
7507,01/23/18 11:20:00  AM,7.845,,,,
7508,01/23/18 11:30:00  AM,7.845,,,,
7509,01/23/18 11:40:00  AM,7.845,,,,
7510,01/23/18 11:50:00  AM,7.870,,,,
7511,01/23/18 12:00:00  PM,7.870,,,,
7512,01/23/18 12:10:00  PM,7.870,,,,
7513,01/23/18 12:20:00  PM,7.870,,,,
7514,01/23/18 12:30:00  PM,7.870,,,,
7515,01/23/18 12:40:00  PM,7.870,,,,
7516,01/23/18 12:50:00  PM,7.870,,,,
7517,01/23/18 01:00:00  PM,7.870,,,,
7518,01/23/18 01:10:00  PM,7.870,,,,
7519,01/23/18 01:20:00  PM,7.870,,,,
7520,01/23/18 01:30:00  PM,7.870,,,,
7521,01/23/18 01:40:00  PM,7.895,,,,
7522,01/23/18 01:50:00  PM,7.895,,,,
7523,01/23/18 02:00:00  PM,7.895,,,,
7524,01/23/18 02:10:00  PM,7.870,,,,
7525,01/23/18 02:20:00  PM,7.895,,,,
7526,01/23/18 02:30:00  PM,7.895,,,,
7527,01/23/18 02:40:00  PM,7.895,,,,
7528,01/23/18 02:50:00  PM,7.895,,,,
7529,01/23/18 03:00:00  PM,7.895,,,,
7530,01/23/18 03:10:00  PM,7.895,,,,
7531,01/23/18 03:20:00  PM,7.895,,,,
7532,01/23/18 03:30:00  PM,7.895,,,,
7533,01/23/18 03:40:00  PM,7.895,,,,
7534,01/23/18 03:50:00  PM,7.920,,,,
7535,01/23/18 04:00:00  PM,7.920,,,,
7536,01/23/18 04:10:00  PM,7.920,,,,
7537,01/23/18 04:20:00  PM,7.920,,,,
7538,01/23/18 04:30:00  PM,7.920,,,,
7539,01/23/18 04:40:00  PM,7.920,,,,
7540,01/23/18 04:50:00  PM,7.945,,,,
7541,01/23/18 05:00:00  PM,7.945,,,,
7542,01/23/18 05:10:00  PM,7.970,,,,
7543,01/23/18 05:20:00  PM,7.970,,,,
7544,01/23/18 05:30:00  PM,7.945,,,,
7545,01/23/18 05:40:00  PM,7.945,,,,
7546,01/23/18 05:50:00  PM,7.920,,,,
7547,01/23/18 06:00:00  PM,7.945,,,,
7548,01/23/18 06:10:00  PM,7.920,,,,
7549,01/23/18 06:20:00  PM,7.945,,,,
7550,01/23/18 06:30:00  PM,7.945,,,,
7551,01/23/18 06:40:00  PM,7.920,,,,
7552,01/23/18 06:50:00  PM,7.895,,,,
7553,01/23/18 07:00:00  PM,7.895,,,,
7554,01/23/18 07:10:00  PM,7.895,,,,
7555,01/23/18 07:20:00  PM,7.895,,,,
7556,01/23/18 07:30:00  PM,7.870,,,,
7557,01/23/18 07:40:00  PM,7.870,,,,
7558,01/23/18 07:50:00  PM,7.870,,,,
7559,01/23/18 08:00:00  PM,7.870,,,,
7560,01/23/18 08:10:00  PM,7.870,,,,
7561,01/23/18 08:20:00  PM,7.870,,,,
7562,01/23/18 08:30:00  PM,7.870,,,,
7563,01/23/18 08:40:00  PM,7.870,,,,
7564,01/23/18 08:50:00  PM,7.870,,,,
7565,01/23/18 09:00:00  PM,7.870,,,,
7566,01/23/18 09:10:00  PM,7.870,,,,
7567,01/23/18 09:20:00  PM,7.870,,,,
7568,01/23/18 09:30:00  PM,7.870,,,,
7569,01/23/18 09:40:00  PM,7.870,,,,
7570,01/23/18 09:50:00  PM,7.870,,,,
7571,01/23/18 10:00:00  PM,7.870,,,,
7572,01/23/18 10:10:00  PM,7.870,,,,
7573,01/23/18 10:20:00  PM,7.870,,,,
7574,01/23/18 10:30:00  PM,7.870,,,,
7575,01/23/18 10:40:00  PM,7.870,,,,
7576,01/23/18 10:50:00  PM,7.870,,,,
7577,01/23/18 11:00:00  PM,7.870,,,,
7578,01/23/18 11:10:00  PM,7.870,,,,
7579,01/23/18 11:20:00  PM,7.870,,,,
7580,01/23/18 11:30:00  PM,7.870,,,,
7581,01/23/18 11:40:00  PM,7.870,,,,
7582,01/23/18 11:50:00  PM,7.870,,,,
7583,01/24/18 12:00:00  AM,7.870,,,,
7584,01/24/18 12:10:00  AM,7.870,,,,
7585,01/24/18 12:20:00  AM,7.870,,,,
7586,01/24/18 12:30:00  AM,7.870,,,,
7587,01/24/18 12:40:00  AM,7.870,,,,
7588,01/24/18 12:50:00  AM,7.870,,,,
7589,01/24/18 01:00:00  AM,7.870,,,,
7590,01/24/18 01:10:00  AM,7.870,,,,
7591,01/24/18 01:20:00  AM,7.870,,,,
7592,01/24/18 01:30:00  AM,7.870,,,,
7593,01/24/18 01:40:00  AM,7.870,,,,
7594,01/24/18 01:50:00  AM,7.870,,,,
7595,01/24/18 02:00:00  AM,7.870,,,,
7596,01/24/18 02:10:00  AM,7.870,,,,
7597,01/24/18 02:20:00  AM,7.870,,,,
7598,01/24/18 02:30:00  AM,7.870,,,,
7599,01/24/18 02:40:00  AM,7.870,,,,
7600,01/24/18 02:50:00  AM,7.870,,,,
7601,01/24/18 03:00:00  AM,7.870,,,,
7602,01/24/18 03:10:00  AM,7.870,,,,
7603,01/24/18 03:20:00  AM,7.870,,,,
7604,01/24/18 03:30:00  AM,7.870,,,,
7605,01/24/18 03:40:00  AM,7.870,,,,
7606,01/24/18 03:50:00  AM,7.870,,,,
7607,01/24/18 04:00:00  AM,7.870,,,,
7608,01/24/18 04:10:00  AM,7.870,,,,
7609,01/24/18 04:20:00  AM,7.895,,,,
7610,01/24/18 04:30:00  AM,7.895,,,,
7611,01/24/18 04:40:00  AM,7.895,,,,
7612,01/24/18 04:50:00  AM,7.895,,,,
7613,01/24/18 05:00:00  AM,7.895,,,,
7614,01/24/18 05:10:00  AM,7.970,,,,
7615,01/24/18 05:20:00  AM,7.995,,,,
7616,01/24/18 05:30:00  AM,7.970,,,,
7617,01/24/18 05:40:00  AM,7.895,,,,
7618,01/24/18 05:50:00  AM,7.870,,,,
7619,01/24/18 06:00:00  AM,7.870,,,,
7620,01/24/18 06:10:00  AM,7.870,,,,
7621,01/24/18 06:20:00  AM,7.870,,,,
7622,01/24/18 06:30:00  AM,7.870,,,,
7623,01/24/18 06:40:00  AM,7.870,,,,
7624,01/24/18 06:50:00  AM,7.870,,,,
7625,01/24/18 07:00:00  AM,7.870,,,,
7626,01/24/18 07:10:00  AM,7.870,,,,
7627,01/24/18 07:20:00  AM,7.870,,,,
7628,01/24/18 07:30:00  AM,7.870,,,,
7629,01/24/18 07:40:00  AM,7.870,,,,
7630,01/24/18 07:50:00  AM,7.870,,,,
7631,01/24/18 08:00:00  AM,7.870,,,,
7632,01/24/18 08:10:00  AM,7.870,,,,
7633,01/24/18 08:20:00  AM,7.870,,,,
7634,01/24/18 08:30:00  AM,7.870,,,,
7635,01/24/18 08:40:00  AM,7.870,,,,
7636,01/24/18 08:50:00  AM,7.870,,,,
7637,01/24/18 09:00:00  AM,7.870,,,,
7638,01/24/18 09:10:00  AM,7.870,,,,
7639,01/24/18 09:20:00  AM,7.870,,,,
7640,01/24/18 09:30:00  AM,7.870,,,,
7641,01/24/18 09:40:00  AM,7.870,,,,
7642,01/24/18 09:50:00  AM,7.870,,,,
7643,01/24/18 10:00:00  AM,7.870,,,,
7644,01/24/18 10:10:00  AM,7.870,,,,
7645,01/24/18 10:20:00  AM,7.870,,,,
7646,01/24/18 10:30:00  AM,7.870,,,,
7647,01/24/18 10:40:00  AM,7.870,,,,
7648,01/24/18 10:50:00  AM,7.870,,,,
7649,01/24/18 11:00:00  AM,7.870,,,,
7650,01/24/18 11:10:00  AM,7.895,,,,
7651,01/24/18 11:20:00  AM,7.870,,,,
7652,01/24/18 11:30:00  AM,7.895,,,,
7653,01/24/18 11:40:00  AM,7.870,,,,
7654,01/24/18 11:50:00  AM,7.895,,,,
7655,01/24/18 12:00:00  PM,7.895,,,,
7656,01/24/18 12:10:00  PM,7.895,,,,
7657,01/24/18 12:20:00  PM,7.920,,,,
7658,01/24/18 12:30:00  PM,7.920,,,,
7659,01/24/18 12:40:00  PM,7.895,,,,
7660,01/24/18 12:50:00  PM,7.895,,,,
7661,01/24/18 01:00:00  PM,7.920,,,,
7662,01/24/18 01:10:00  PM,7.920,,,,
7663,01/24/18 01:20:00  PM,7.920,,,,
7664,01/24/18 01:30:00  PM,7.920,,,,
7665,01/24/18 01:40:00  PM,7.920,,,,
7666,01/24/18 01:50:00  PM,7.920,,,,
7667,01/24/18 02:00:00  PM,7.920,,,,
7668,01/24/18 02:10:00  PM,7.920,,,,
7669,01/24/18 02:20:00  PM,7.920,,,,
7670,01/24/18 02:30:00  PM,7.920,,,,
7671,01/24/18 02:40:00  PM,7.920,,,,
7672,01/24/18 02:50:00  PM,7.895,,,,
7673,01/24/18 03:00:00  PM,7.895,,,,
7674,01/24/18 03:10:00  PM,7.895,,,,
7675,01/24/18 03:20:00  PM,7.895,,,,
7676,01/24/18 03:30:00  PM,7.895,,,,
7677,01/24/18 03:40:00  PM,7.895,,,,
7678,01/24/18 03:50:00  PM,7.895,,,,
7679,01/24/18 04:00:00  PM,7.895,,,,
7680,01/24/18 04:10:00  PM,7.895,,,,
7681,01/24/18 04:20:00  PM,7.895,,,,
7682,01/24/18 04:30:00  PM,7.920,,,,
7683,01/24/18 04:40:00  PM,7.920,,,,
7684,01/24/18 04:50:00  PM,7.920,,,,
7685,01/24/18 05:00:00  PM,7.920,,,,
7686,01/24/18 05:10:00  PM,7.920,,,,
7687,01/24/18 05:20:00  PM,7.920,,,,
7688,01/24/18 05:30:00  PM,7.920,,,,
7689,01/24/18 05:40:00  PM,7.920,,,,
7690,01/24/18 05:50:00  PM,7.920,,,,
7691,01/24/18 06:00:00  PM,7.920,,,,
7692,01/24/18 06:10:00  PM,7.920,,,,
7693,01/24/18 06:20:00  PM,7.895,,,,
7694,01/24/18 06:30:00  PM,7.895,,,,
7695,01/24/18 06:40:00  PM,7.895,,,,
7696,01/24/18 06:50:00  PM,7.895,,,,
7697,01/24/18 07:00:00  PM,7.895,,,,
7698,01/24/18 07:10:00  PM,7.895,,,,
7699,01/24/18 07:20:00  PM,7.895,,,,
7700,01/24/18 07:30:00  PM,7.895,,,,
7701,01/24/18 07:40:00  PM,7.895,,,,
7702,01/24/18 07:50:00  PM,7.895,,,,
7703,01/24/18 08:00:00  PM,7.895,,,,
7704,01/24/18 08:10:00  PM,7.895,,,,
7705,01/24/18 08:20:00  PM,7.920,,,,
7706,01/24/18 08:30:00  PM,7.895,,,,
7707,01/24/18 08:40:00  PM,7.895,,,,
7708,01/24/18 08:50:00  PM,7.895,,,,
7709,01/24/18 09:00:00  PM,7.895,,,,
7710,01/24/18 09:10:00  PM,7.895,,,,
7711,01/24/18 09:20:00  PM,7.895,,,,
7712,01/24/18 09:30:00  PM,7.895,,,,
7713,01/24/18 09:40:00  PM,7.895,,,,
7714,01/24/18 09:50:00  PM,7.895,,,,
7715,01/24/18 10:00:00  PM,7.895,,,,
7716,01/24/18 10:10:00  PM,7.920,,,,
7717,01/24/18 10:20:00  PM,7.895,,,,
7718,01/24/18 10:30:00  PM,7.920,,,,
7719,01/24/18 10:40:00  PM,7.920,,,,
7720,01/24/18 10:50:00  PM,7.895,,,,
7721,01/24/18 11:00:00  PM,7.920,,,,
7722,01/24/18 11:10:00  PM,7.895,,,,
7723,01/24/18 11:20:00  PM,7.920,,,,
7724,01/24/18 11:30:00  PM,7.920,,,,
7725,01/24/18 11:40:00  PM,7.920,,,,
7726,01/24/18 11:50:00  PM,7.920,,,,
7727,01/25/18 12:00:00  AM,7.920,,,,
7728,01/25/18 12:10:00  AM,7.920,,,,
7729,01/25/18 12:20:00  AM,7.920,,,,
7730,01/25/18 12:30:00  AM,7.920,,,,
7731,01/25/18 12:40:00  AM,7.920,,,,
7732,01/25/18 12:50:00  AM,7.895,,,,
7733,01/25/18 01:00:00  AM,7.895,,,,
7734,01/25/18 01:10:00  AM,7.895,,,,
7735,01/25/18 01:20:00  AM,7.895,,,,
7736,01/25/18 01:30:00  AM,7.895,,,,
7737,01/25/18 01:40:00  AM,7.895,,,,
7738,01/25/18 01:50:00  AM,7.895,,,,
7739,01/25/18 02:00:00  AM,7.895,,,,
7740,01/25/18 02:10:00  AM,7.895,,,,
7741,01/25/18 02:20:00  AM,7.895,,,,
7742,01/25/18 02:30:00  AM,7.895,,,,
7743,01/25/18 02:40:00  AM,7.895,,,,
7744,01/25/18 02:50:00  AM,7.895,,,,
7745,01/25/18 03:00:00  AM,7.895,,,,
7746,01/25/18 03:10:00  AM,7.895,,,,
7747,01/25/18 03:20:00  AM,7.895,,,,
7748,01/25/18 03:30:00  AM,7.920,,,,
7749,01/25/18 03:40:00  AM,7.895,,,,
7750,01/25/18 03:50:00  AM,7.920,,,,
7751,01/25/18 04:00:00  AM,7.920,,,,
7752,01/25/18 04:10:00  AM,7.920,,,,
7753,01/25/18 04:20:00  AM,7.920,,,,
7754,01/25/18 04:30:00  AM,7.920,,,,
7755,01/25/18 04:40:00  AM,7.895,,,,
7756,01/25/18 04:50:00  AM,7.895,,,,
7757,01/25/18 05:00:00  AM,7.920,,,,
7758,01/25/18 05:10:00  AM,7.920,,,,
7759,01/25/18 05:20:00  AM,7.920,,,,
7760,01/25/18 05:30:00  AM,7.945,,,,
7761,01/25/18 05:40:00  AM,7.945,,,,
7762,01/25/18 05:50:00  AM,7.945,,,,
7763,01/25/18 06:00:00  AM,7.945,,,,
7764,01/25/18 06:10:00  AM,7.920,,,,
7765,01/25/18 06:20:00  AM,7.920,,,,
7766,01/25/18 06:30:00  AM,7.920,,,,
7767,01/25/18 06:40:00  AM,7.945,,,,
7768,01/25/18 06:50:00  AM,7.945,,,,
7769,01/25/18 07:00:00  AM,7.970,,,,
7770,01/25/18 07:10:00  AM,7.945,,,,
7771,01/25/18 07:20:00  AM,7.920,,,,
7772,01/25/18 07:30:00  AM,7.920,,,,
7773,01/25/18 07:40:00  AM,7.920,,,,
7774,01/25/18 07:50:00  AM,7.920,,,,
7775,01/25/18 08:00:00  AM,7.920,,,,
7776,01/25/18 08:10:00  AM,7.920,,,,
7777,01/25/18 08:20:00  AM,7.920,,,,
7778,01/25/18 08:30:00  AM,7.920,,,,
7779,01/25/18 08:40:00  AM,7.920,,,,
7780,01/25/18 08:50:00  AM,7.920,,,,
7781,01/25/18 09:00:00  AM,7.920,,,,
7782,01/25/18 09:10:00  AM,7.920,,,,
7783,01/25/18 09:20:00  AM,7.920,,,,
7784,01/25/18 09:30:00  AM,7.920,,,,
7785,01/25/18 09:40:00  AM,7.920,,,,
7786,01/25/18 09:50:00  AM,7.920,,,,
7787,01/25/18 10:00:00  AM,7.920,,,,
7788,01/25/18 10:10:00  AM,7.920,,,,
7789,01/25/18 10:20:00  AM,7.920,,,,
7790,01/25/18 10:30:00  AM,7.920,,,,
7791,01/25/18 10:40:00  AM,7.920,,,,
7792,01/25/18 10:50:00  AM,7.920,,,,
7793,01/25/18 11:00:00  AM,7.945,,,,
7794,01/25/18 11:10:00  AM,7.945,,,,
7795,01/25/18 11:20:00  AM,7.945,,,,
7796,01/25/18 11:30:00  AM,7.945,,,,
7797,01/25/18 11:40:00  AM,7.920,,,,
7798,01/25/18 11:50:00  AM,7.920,,,,
7799,01/25/18 12:00:00  PM,7.920,,,,
7800,01/25/18 12:10:00  PM,7.920,,,,
7801,01/25/18 12:20:00  PM,7.920,,,,
7802,01/25/18 12:30:00  PM,7.920,,,,
7803,01/25/18 12:40:00  PM,7.920,,,,
7804,01/25/18 12:50:00  PM,7.920,,,,
7805,01/25/18 01:00:00  PM,7.920,,,,
7806,01/25/18 01:10:00  PM,7.920,,,,
7807,01/25/18 01:20:00  PM,7.920,,,,
7808,01/25/18 01:30:00  PM,7.920,,,,
7809,01/25/18 01:40:00  PM,7.920,,,,
7810,01/25/18 01:50:00  PM,7.920,,,,
7811,01/25/18 02:00:00  PM,7.920,,,,
7812,01/25/18 02:10:00  PM,7.920,,,,
7813,01/25/18 02:20:00  PM,7.920,,,,
7814,01/25/18 02:30:00  PM,7.920,,,,
7815,01/25/18 02:40:00  PM,7.920,,,,
7816,01/25/18 02:50:00  PM,7.920,,,,
7817,01/25/18 03:00:00  PM,7.920,,,,
7818,01/25/18 03:10:00  PM,7.920,,,,
7819,01/25/18 03:20:00  PM,7.920,,,,
7820,01/25/18 03:30:00  PM,7.920,,,,
7821,01/25/18 03:40:00  PM,7.920,,,,
7822,01/25/18 03:50:00  PM,7.920,,,,
7823,01/25/18 04:00:00  PM,7.920,,,,
7824,01/25/18 04:10:00  PM,7.920,,,,
7825,01/25/18 04:20:00  PM,7.920,,,,
7826,01/25/18 04:30:00  PM,7.920,,,,
7827,01/25/18 04:40:00  PM,7.920,,,,
7828,01/25/18 04:50:00  PM,7.920,,,,
7829,01/25/18 05:00:00  PM,7.920,,,,
7830,01/25/18 05:10:00  PM,7.920,,,,
7831,01/25/18 05:20:00  PM,7.920,,,,
7832,01/25/18 05:30:00  PM,7.920,,,,
7833,01/25/18 05:40:00  PM,7.920,,,,
7834,01/25/18 05:50:00  PM,7.920,,,,
7835,01/25/18 06:00:00  PM,7.920,,,,
7836,01/25/18 06:10:00  PM,7.920,,,,
7837,01/25/18 06:20:00  PM,7.920,,,,
7838,01/25/18 06:30:00  PM,7.920,,,,
7839,01/25/18 06:40:00  PM,7.920,,,,
7840,01/25/18 06:50:00  PM,7.920,,,,
7841,01/25/18 07:00:00  PM,7.920,,,,
7842,01/25/18 07:10:00  PM,7.920,,,,
7843,01/25/18 07:20:00  PM,7.920,,,,
7844,01/25/18 07:30:00  PM,7.920,,,,
7845,01/25/18 07:40:00  PM,7.920,,,,
7846,01/25/18 07:50:00  PM,7.920,,,,
7847,01/25/18 08:00:00  PM,7.920,,,,
7848,01/25/18 08:10:00  PM,7.920,,,,
7849,01/25/18 08:20:00  PM,7.920,,,,
7850,01/25/18 08:30:00  PM,7.920,,,,
7851,01/25/18 08:40:00  PM,7.920,,,,
7852,01/25/18 08:50:00  PM,7.920,,,,
7853,01/25/18 09:00:00  PM,7.920,,,,
7854,01/25/18 09:10:00  PM,7.920,,,,
7855,01/25/18 09:20:00  PM,7.920,,,,
7856,01/25/18 09:30:00  PM,7.920,,,,
7857,01/25/18 09:40:00  PM,7.920,,,,
7858,01/25/18 09:50:00  PM,7.920,,,,
7859,01/25/18 10:00:00  PM,7.920,,,,
7860,01/25/18 10:10:00  PM,7.920,,,,
7861,01/25/18 10:20:00  PM,7.920,,,,
7862,01/25/18 10:30:00  PM,7.920,,,,
7863,01/25/18 10:40:00  PM,7.920,,,,
7864,01/25/18 10:50:00  PM,7.920,,,,
7865,01/25/18 11:00:00  PM,7.920,,,,
7866,01/25/18 11:10:00  PM,7.920,,,,
7867,01/25/18 11:20:00  PM,7.920,,,,
7868,01/25/18 11:30:00  PM,7.920,,,,
7869,01/25/18 11:40:00  PM,7.920,,,,
7870,01/25/18 11:50:00  PM,7.920,,,,
7871,01/26/18 12:00:00  AM,7.920,,,,
7872,01/26/18 12:10:00  AM,7.920,,,,
7873,01/26/18 12:20:00  AM,7.920,,,,
7874,01/26/18 12:30:00  AM,7.920,,,,
7875,01/26/18 12:40:00  AM,7.920,,,,
7876,01/26/18 12:50:00  AM,7.920,,,,
7877,01/26/18 01:00:00  AM,7.920,,,,
7878,01/26/18 01:10:00  AM,7.920,,,,
7879,01/26/18 01:20:00  AM,7.920,,,,
7880,01/26/18 01:30:00  AM,7.920,,,,
7881,01/26/18 01:40:00  AM,7.920,,,,
7882,01/26/18 01:50:00  AM,7.920,,,,
7883,01/26/18 02:00:00  AM,7.920,,,,
7884,01/26/18 02:10:00  AM,7.920,,,,
7885,01/26/18 02:20:00  AM,7.920,,,,
7886,01/26/18 02:30:00  AM,7.920,,,,
7887,01/26/18 02:40:00  AM,7.920,,,,
7888,01/26/18 02:50:00  AM,7.920,,,,
7889,01/26/18 03:00:00  AM,7.920,,,,
7890,01/26/18 03:10:00  AM,7.920,,,,
7891,01/26/18 03:20:00  AM,7.920,,,,
7892,01/26/18 03:30:00  AM,7.920,,,,
7893,01/26/18 03:40:00  AM,7.920,,,,
7894,01/26/18 03:50:00  AM,7.920,,,,
7895,01/26/18 04:00:00  AM,7.920,,,,
7896,01/26/18 04:10:00  AM,7.920,,,,
7897,01/26/18 04:20:00  AM,7.920,,,,
7898,01/26/18 04:30:00  AM,7.920,,,,
7899,01/26/18 04:40:00  AM,7.920,,,,
7900,01/26/18 04:50:00  AM,7.920,,,,
7901,01/26/18 05:00:00  AM,7.920,,,,
7902,01/26/18 05:10:00  AM,7.920,,,,
7903,01/26/18 05:20:00  AM,7.920,,,,
7904,01/26/18 05:30:00  AM,7.920,,,,
7905,01/26/18 05:40:00  AM,7.920,,,,
7906,01/26/18 05:50:00  AM,7.920,,,,
7907,01/26/18 06:00:00  AM,7.920,,,,
7908,01/26/18 06:10:00  AM,7.920,,,,
7909,01/26/18 06:20:00  AM,7.920,,,,
7910,01/26/18 06:30:00  AM,7.920,,,,
7911,01/26/18 06:40:00  AM,7.920,,,,
7912,01/26/18 06:50:00  AM,7.920,,,,
7913,01/26/18 07:00:00  AM,7.920,,,,
7914,01/26/18 07:10:00  AM,7.920,,,,
7915,01/26/18 07:20:00  AM,7.920,,,,
7916,01/26/18 07:30:00  AM,7.920,,,,
7917,01/26/18 07:40:00  AM,7.920,,,,
7918,01/26/18 07:50:00  AM,7.920,,,,
7919,01/26/18 08:00:00  AM,7.920,,,,
7920,01/26/18 08:10:00  AM,7.920,,,,
7921,01/26/18 08:20:00  AM,7.920,,,,
7922,01/26/18 08:30:00  AM,7.920,,,,
7923,01/26/18 08:40:00  AM,7.920,,,,
7924,01/26/18 08:50:00  AM,7.920,,,,
7925,01/26/18 09:00:00  AM,7.920,,,,
7926,01/26/18 09:10:00  AM,7.920,,,,
7927,01/26/18 09:20:00  AM,7.920,,,,
7928,01/26/18 09:30:00  AM,7.920,,,,
7929,01/26/18 09:40:00  AM,7.920,,,,
7930,01/26/18 09:50:00  AM,7.920,,,,
7931,01/26/18 10:00:00  AM,7.920,,,,
7932,01/26/18 10:10:00  AM,7.920,,,,
7933,01/26/18 10:20:00  AM,7.920,,,,
7934,01/26/18 10:30:00  AM,7.920,,,,
7935,01/26/18 10:40:00  AM,7.920,,,,
7936,01/26/18 10:50:00  AM,7.920,,,,
7937,01/26/18 11:00:00  AM,7.920,,,,
7938,01/26/18 11:10:00  AM,7.920,,,,
7939,01/26/18 11:20:00  AM,7.920,,,,
7940,01/26/18 11:30:00  AM,7.920,,,,
7941,01/26/18 11:40:00  AM,7.920,,,,
7942,01/26/18 11:50:00  AM,7.920,,,,
7943,01/26/18 12:00:00  PM,7.920,,,,
7944,01/26/18 12:10:00  PM,7.920,,,,
7945,01/26/18 12:20:00  PM,7.920,,,,
7946,01/26/18 12:30:00  PM,7.920,,,,
7947,01/26/18 12:40:00  PM,7.920,,,,
7948,01/26/18 12:50:00  PM,7.920,,,,
7949,01/26/18 01:00:00  PM,7.920,,,,
7950,01/26/18 01:10:00  PM,7.920,,,,
7951,01/26/18 01:20:00  PM,7.920,,,,
7952,01/26/18 01:30:00  PM,7.920,,,,
7953,01/26/18 01:40:00  PM,7.920,,,,
7954,01/26/18 01:50:00  PM,7.920,,,,
7955,01/26/18 02:00:00  PM,7.920,,,,
7956,01/26/18 02:10:00  PM,7.920,,,,
7957,01/26/18 02:20:00  PM,7.920,,,,
7958,01/26/18 02:30:00  PM,7.920,,,,
7959,01/26/18 02:40:00  PM,7.920,,,,
7960,01/26/18 02:50:00  PM,7.920,,,,
7961,01/26/18 03:00:00  PM,7.920,,,,
7962,01/26/18 03:10:00  PM,7.920,,,,
7963,01/26/18 03:20:00  PM,7.920,,,,
7964,01/26/18 03:30:00  PM,7.920,,,,
7965,01/26/18 03:40:00  PM,7.920,,,,
7966,01/26/18 03:50:00  PM,7.920,,,,
7967,01/26/18 04:00:00  PM,7.895,,,,
7968,01/26/18 04:10:00  PM,7.895,,,,
7969,01/26/18 04:20:00  PM,7.895,,,,
7970,01/26/18 04:30:00  PM,7.895,,,,
7971,01/26/18 04:40:00  PM,7.895,,,,
7972,01/26/18 04:50:00  PM,7.895,,,,
7973,01/26/18 05:00:00  PM,7.895,,,,
7974,01/26/18 05:10:00  PM,7.920,,,,
7975,01/26/18 05:20:00  PM,7.920,,,,
7976,01/26/18 05:30:00  PM,7.920,,,,
7977,01/26/18 05:40:00  PM,7.920,,,,
7978,01/26/18 05:50:00  PM,7.920,,,,
7979,01/26/18 06:00:00  PM,7.920,,,,
7980,01/26/18 06:10:00  PM,7.920,,,,
7981,01/26/18 06:20:00  PM,7.920,,,,
7982,01/26/18 06:30:00  PM,7.895,,,,
7983,01/26/18 06:40:00  PM,7.920,,,,
7984,01/26/18 06:50:00  PM,7.920,,,,
7985,01/26/18 07:00:00  PM,7.895,,,,
7986,01/26/18 07:10:00  PM,7.895,,,,
7987,01/26/18 07:20:00  PM,7.895,,,,
7988,01/26/18 07:30:00  PM,7.895,,,,
7989,01/26/18 07:40:00  PM,7.895,,,,
7990,01/26/18 07:50:00  PM,7.895,,,,
7991,01/26/18 08:00:00  PM,7.895,,,,
7992,01/26/18 08:10:00  PM,7.895,,,,
7993,01/26/18 08:20:00  PM,7.870,,,,
7994,01/26/18 08:30:00  PM,7.895,,,,
7995,01/26/18 08:40:00  PM,7.870,,,,
7996,01/26/18 08:50:00  PM,7.870,,,,
7997,01/26/18 09:00:00  PM,7.845,,,,
7998,01/26/18 09:10:00  PM,7.870,,,,
7999,01/26/18 09:20:00  PM,7.845,,,,
8000,01/26/18 09:30:00  PM,7.845,,,,
8001,01/26/18 09:40:00  PM,7.870,,,,
8002,01/26/18 09:50:00  PM,7.870,,,,
8003,01/26/18 10:00:00  PM,7.870,,,,
8004,01/26/18 10:10:00  PM,7.895,,,,
8005,01/26/18 10:20:00  PM,7.895,,,,
8006,01/26/18 10:30:00  PM,7.895,,,,
8007,01/26/18 10:40:00  PM,7.895,,,,
8008,01/26/18 10:50:00  PM,7.895,,,,
8009,01/26/18 11:00:00  PM,7.895,,,,
8010,01/26/18 11:10:00  PM,7.895,,,,
8011,01/26/18 11:20:00  PM,7.920,,,,
8012,01/26/18 11:30:00  PM,7.920,,,,
8013,01/26/18 11:40:00  PM,7.895,,,,
8014,01/26/18 11:50:00  PM,7.895,,,,
8015,01/27/18 12:00:00  AM,7.895,,,,
8016,01/27/18 12:10:00  AM,7.895,,,,
8017,01/27/18 12:20:00  AM,7.895,,,,
8018,01/27/18 12:30:00  AM,7.895,,,,
8019,01/27/18 12:40:00  AM,7.920,,,,
8020,01/27/18 12:50:00  AM,7.920,,,,
8021,01/27/18 01:00:00  AM,7.920,,,,
8022,01/27/18 01:10:00  AM,7.920,,,,
8023,01/27/18 01:20:00  AM,7.920,,,,
8024,01/27/18 01:30:00  AM,7.920,,,,
8025,01/27/18 01:40:00  AM,7.920,,,,
8026,01/27/18 01:50:00  AM,7.920,,,,
8027,01/27/18 02:00:00  AM,7.920,,,,
8028,01/27/18 02:10:00  AM,7.920,,,,
8029,01/27/18 02:20:00  AM,7.920,,,,
8030,01/27/18 02:30:00  AM,7.920,,,,
8031,01/27/18 02:40:00  AM,7.920,,,,
8032,01/27/18 02:50:00  AM,7.920,,,,
8033,01/27/18 03:00:00  AM,7.920,,,,
8034,01/27/18 03:10:00  AM,7.920,,,,
8035,01/27/18 03:20:00  AM,7.920,,,,
8036,01/27/18 03:30:00  AM,7.920,,,,
8037,01/27/18 03:40:00  AM,7.920,,,,
8038,01/27/18 03:50:00  AM,7.920,,,,
8039,01/27/18 04:00:00  AM,7.920,,,,
8040,01/27/18 04:10:00  AM,7.920,,,,
8041,01/27/18 04:20:00  AM,7.920,,,,
8042,01/27/18 04:30:00  AM,7.920,,,,
8043,01/27/18 04:40:00  AM,7.920,,,,
8044,01/27/18 04:50:00  AM,7.920,,,,
8045,01/27/18 05:00:00  AM,7.920,,,,
8046,01/27/18 05:10:00  AM,7.920,,,,
8047,01/27/18 05:20:00  AM,7.920,,,,
8048,01/27/18 05:30:00  AM,7.895,,,,
8049,01/27/18 05:40:00  AM,7.895,,,,
8050,01/27/18 05:50:00  AM,7.895,,,,
8051,01/27/18 06:00:00  AM,7.920,,,,
8052,01/27/18 06:10:00  AM,7.920,,,,
8053,01/27/18 06:20:00  AM,7.920,,,,
8054,01/27/18 06:30:00  AM,7.920,,,,
8055,01/27/18 06:40:00  AM,7.895,,,,
8056,01/27/18 06:50:00  AM,7.895,,,,
8057,01/27/18 07:00:00  AM,7.895,,,,
8058,01/27/18 07:10:00  AM,7.870,,,,
8059,01/27/18 07:20:00  AM,7.845,,,,
8060,01/27/18 07:30:00  AM,7.820,,,,
8061,01/27/18 07:40:00  AM,7.820,,,,
8062,01/27/18 07:50:00  AM,7.820,,,,
8063,01/27/18 08:00:00  AM,7.820,,,,
8064,01/27/18 08:10:00  AM,7.845,,,,
8065,01/27/18 08:20:00  AM,7.820,,,,
8066,01/27/18 08:30:00  AM,7.845,,,,
8067,01/27/18 08:40:00  AM,7.845,,,,
8068,01/27/18 08:50:00  AM,7.845,,,,
8069,01/27/18 09:00:00  AM,7.870,,,,
8070,01/27/18 09:10:00  AM,7.895,,,,
8071,01/27/18 09:20:00  AM,7.895,,,,
8072,01/27/18 09:30:00  AM,7.895,,,,
8073,01/27/18 09:40:00  AM,7.920,,,,
8074,01/27/18 09:50:00  AM,7.895,,,,
8075,01/27/18 10:00:00  AM,7.895,,,,
8076,01/27/18 10:10:00  AM,7.920,,,,
8077,01/27/18 10:20:00  AM,7.895,,,,
8078,01/27/18 10:30:00  AM,7.895,,,,
8079,01/27/18 10:40:00  AM,7.895,,,,
8080,01/27/18 10:50:00  AM,7.895,,,,
8081,01/27/18 11:00:00  AM,7.895,,,,
8082,01/27/18 11:10:00  AM,7.920,,,,
8083,01/27/18 11:20:00  AM,7.920,,,,
8084,01/27/18 11:30:00  AM,7.920,,,,
8085,01/27/18 11:40:00  AM,7.920,,,,
8086,01/27/18 11:50:00  AM,7.920,,,,
8087,01/27/18 12:00:00  PM,7.920,,,,
8088,01/27/18 12:10:00  PM,7.920,,,,
8089,01/27/18 12:20:00  PM,7.920,,,,
8090,01/27/18 12:30:00  PM,7.920,,,,
8091,01/27/18 12:40:00  PM,7.920,,,,
8092,01/27/18 12:50:00  PM,7.920,,,,
8093,01/27/18 01:00:00  PM,7.920,,,,
8094,01/27/18 01:10:00  PM,7.920,,,,
8095,01/27/18 01:20:00  PM,7.920,,,,
8096,01/27/18 01:30:00  PM,7.920,,,,
8097,01/27/18 01:40:00  PM,7.920,,,,
8098,01/27/18 01:50:00  PM,7.920,,,,
8099,01/27/18 02:00:00  PM,7.920,,,,
8100,01/27/18 02:10:00  PM,7.920,,,,
8101,01/27/18 02:20:00  PM,7.920,,,,
8102,01/27/18 02:30:00  PM,7.920,,,,
8103,01/27/18 02:40:00  PM,7.920,,,,
8104,01/27/18 02:50:00  PM,7.920,,,,
8105,01/27/18 03:00:00  PM,7.920,,,,
8106,01/27/18 03:10:00  PM,7.920,,,,
8107,01/27/18 03:20:00  PM,7.920,,,,
8108,01/27/18 03:30:00  PM,7.920,,,,
8109,01/27/18 03:40:00  PM,7.920,,,,
8110,01/27/18 03:50:00  PM,7.920,,,,
8111,01/27/18 04:00:00  PM,7.920,,,,
8112,01/27/18 04:10:00  PM,7.920,,,,
8113,01/27/18 04:20:00  PM,7.895,,,,
8114,01/27/18 04:30:00  PM,7.895,,,,
8115,01/27/18 04:40:00  PM,7.895,,,,
8116,01/27/18 04:50:00  PM,7.895,,,,
8117,01/27/18 05:00:00  PM,7.895,,,,
8118,01/27/18 05:10:00  PM,7.870,,,,
8119,01/27/18 05:20:00  PM,7.870,,,,
8120,01/27/18 05:30:00  PM,7.870,,,,
8121,01/27/18 05:40:00  PM,7.845,,,,
8122,01/27/18 05:50:00  PM,7.845,,,,
8123,01/27/18 06:00:00  PM,7.820,,,,
8124,01/27/18 06:10:00  PM,7.845,,,,
8125,01/27/18 06:20:00  PM,7.870,,,,
8126,01/27/18 06:30:00  PM,7.870,,,,
8127,01/27/18 06:40:00  PM,7.870,,,,
8128,01/27/18 06:50:00  PM,7.870,,,,
8129,01/27/18 07:00:00  PM,7.870,,,,
8130,01/27/18 07:10:00  PM,7.870,,,,
8131,01/27/18 07:20:00  PM,7.870,,,,
8132,01/27/18 07:30:00  PM,7.870,,,,
8133,01/27/18 07:40:00  PM,7.870,,,,
8134,01/27/18 07:50:00  PM,7.870,,,,
8135,01/27/18 08:00:00  PM,7.795,,,,
8136,01/27/18 08:10:00  PM,7.795,,,,
8137,01/27/18 08:20:00  PM,7.795,,,,
8138,01/27/18 08:30:00  PM,7.820,,,,
8139,01/27/18 08:40:00  PM,7.820,,,,
8140,01/27/18 08:50:00  PM,7.795,,,,
8141,01/27/18 09:00:00  PM,7.820,,,,
8142,01/27/18 09:10:00  PM,7.820,,,,
8143,01/27/18 09:20:00  PM,7.820,,,,
8144,01/27/18 09:30:00  PM,7.795,,,,
8145,01/27/18 09:40:00  PM,7.795,,,,
8146,01/27/18 09:50:00  PM,7.820,,,,
8147,01/27/18 10:00:00  PM,7.820,,,,
8148,01/27/18 10:10:00  PM,7.820,,,,
8149,01/27/18 10:20:00  PM,7.845,,,,
8150,01/27/18 10:30:00  PM,7.820,,,,
8151,01/27/18 10:40:00  PM,7.795,,,,
8152,01/27/18 10:50:00  PM,7.845,,,,
8153,01/27/18 11:00:00  PM,7.820,,,,
8154,01/27/18 11:10:00  PM,7.845,,,,
8155,01/27/18 11:20:00  PM,7.820,,,,
8156,01/27/18 11:30:00  PM,7.870,,,,
8157,01/27/18 11:40:00  PM,7.895,,,,
8158,01/27/18 11:50:00  PM,7.895,,,,
8159,01/28/18 12:00:00  AM,7.895,,,,
8160,01/28/18 12:10:00  AM,7.895,,,,
8161,01/28/18 12:20:00  AM,7.895,,,,
8162,01/28/18 12:30:00  AM,7.920,,,,
8163,01/28/18 12:40:00  AM,7.895,,,,
8164,01/28/18 12:50:00  AM,7.920,,,,
8165,01/28/18 01:00:00  AM,7.920,,,,
8166,01/28/18 01:10:00  AM,7.920,,,,
8167,01/28/18 01:20:00  AM,7.920,,,,
8168,01/28/18 01:30:00  AM,7.920,,,,
8169,01/28/18 01:40:00  AM,7.920,,,,
8170,01/28/18 01:50:00  AM,7.920,,,,
8171,01/28/18 02:00:00  AM,7.920,,,,
8172,01/28/18 02:10:00  AM,7.920,,,,
8173,01/28/18 02:20:00  AM,7.920,,,,
8174,01/28/18 02:30:00  AM,7.920,,,,
8175,01/28/18 02:40:00  AM,7.920,,,,
8176,01/28/18 02:50:00  AM,7.920,,,,
8177,01/28/18 03:00:00  AM,7.895,,,,
8178,01/28/18 03:10:00  AM,7.895,,,,
8179,01/28/18 03:20:00  AM,7.895,,,,
8180,01/28/18 03:30:00  AM,7.895,,,,
8181,01/28/18 03:40:00  AM,7.895,,,,
8182,01/28/18 03:50:00  AM,7.895,,,,
8183,01/28/18 04:00:00  AM,7.895,,,,
8184,01/28/18 04:10:00  AM,7.895,,,,
8185,01/28/18 04:20:00  AM,7.895,,,,
8186,01/28/18 04:30:00  AM,7.870,,,,
8187,01/28/18 04:40:00  AM,7.895,,,,
8188,01/28/18 04:50:00  AM,7.895,,,,
8189,01/28/18 05:00:00  AM,7.845,,,,
8190,01/28/18 05:10:00  AM,7.820,,,,
8191,01/28/18 05:20:00  AM,7.870,,,,
8192,01/28/18 05:30:00  AM,7.845,,,,
8193,01/28/18 05:40:00  AM,7.870,,,,
8194,01/28/18 05:50:00  AM,7.870,,,,
8195,01/28/18 06:00:00  AM,7.870,,,,
8196,01/28/18 06:10:00  AM,7.870,,,,
8197,01/28/18 06:20:00  AM,7.870,,,,
8198,01/28/18 06:30:00  AM,7.845,,,,
8199,01/28/18 06:40:00  AM,7.845,,,,
8200,01/28/18 06:50:00  AM,7.820,,,,
8201,01/28/18 07:00:00  AM,7.845,,,,
8202,01/28/18 07:10:00  AM,7.820,,,,
8203,01/28/18 07:20:00  AM,7.820,,,,
8204,01/28/18 07:30:00  AM,7.820,,,,
8205,01/28/18 07:40:00  AM,7.795,,,,
8206,01/28/18 07:50:00  AM,7.770,,,,
8207,01/28/18 08:00:00  AM,7.770,,,,
8208,01/28/18 08:10:00  AM,7.770,,,,
8209,01/28/18 08:20:00  AM,7.745,,,,
8210,01/28/18 08:30:00  AM,7.745,,,,
8211,01/28/18 08:40:00  AM,7.745,,,,
8212,01/28/18 08:50:00  AM,7.720,,,,
8213,01/28/18 09:00:00  AM,7.720,,,,
8214,01/28/18 09:10:00  AM,7.745,,,,
8215,01/28/18 09:20:00  AM,7.770,,,,
8216,01/28/18 09:30:00  AM,7.745,,,,
8217,01/28/18 09:40:00  AM,7.745,,,,
8218,01/28/18 09:50:00  AM,7.745,,,,
8219,01/28/18 10:00:00  AM,7.745,,,,
8220,01/28/18 10:10:00  AM,7.770,,,,
8221,01/28/18 10:20:00  AM,7.795,,,,
8222,01/28/18 10:30:00  AM,7.795,,,,
8223,01/28/18 10:40:00  AM,7.795,,,,
8224,01/28/18 10:50:00  AM,7.795,,,,
8225,01/28/18 11:00:00  AM,7.770,,,,
8226,01/28/18 11:10:00  AM,7.770,,,,
8227,01/28/18 11:20:00  AM,7.820,,,,
8228,01/28/18 11:30:00  AM,7.820,,,,
8229,01/28/18 11:40:00  AM,7.845,,,,
8230,01/28/18 11:50:00  AM,7.845,,,,
8231,01/28/18 12:00:00  PM,7.820,,,,
8232,01/28/18 12:10:00  PM,7.845,,,,
8233,01/28/18 12:20:00  PM,7.845,,,,
8234,01/28/18 12:30:00  PM,7.845,,,,
8235,01/28/18 12:40:00  PM,7.845,,,,
8236,01/28/18 12:50:00  PM,7.870,,,,
8237,01/28/18 01:00:00  PM,7.870,,,,
8238,01/28/18 01:10:00  PM,7.895,,,,
8239,01/28/18 01:20:00  PM,7.895,,,,
8240,01/28/18 01:30:00  PM,7.895,,,,
8241,01/28/18 01:40:00  PM,7.895,,,,
8242,01/28/18 01:50:00  PM,7.920,,,,
8243,01/28/18 02:00:00  PM,7.920,,,,
8244,01/28/18 02:10:00  PM,7.920,,,,
8245,01/28/18 02:20:00  PM,7.920,,,,
8246,01/28/18 02:30:00  PM,7.920,,,,
8247,01/28/18 02:40:00  PM,7.920,,,,
8248,01/28/18 02:50:00  PM,7.920,,,,
8249,01/28/18 03:00:00  PM,7.920,,,,
8250,01/28/18 03:10:00  PM,7.920,,,,
8251,01/28/18 03:20:00  PM,7.895,,,,
8252,01/28/18 03:30:00  PM,7.895,,,,
8253,01/28/18 03:40:00  PM,7.895,,,,
8254,01/28/18 03:50:00  PM,7.895,,,,
8255,01/28/18 04:00:00  PM,7.895,,,,
8256,01/28/18 04:10:00  PM,7.895,,,,
8257,01/28/18 04:20:00  PM,7.870,,,,
8258,01/28/18 04:30:00  PM,7.870,,,,
8259,01/28/18 04:40:00  PM,7.845,,,,
8260,01/28/18 04:50:00  PM,7.870,,,,
8261,01/28/18 05:00:00  PM,7.820,,,,
8262,01/28/18 05:10:00  PM,7.795,,,,
8263,01/28/18 05:20:00  PM,7.795,,,,
8264,01/28/18 05:30:00  PM,7.770,,,,
8265,01/28/18 05:40:00  PM,7.770,,,,
8266,01/28/18 05:50:00  PM,7.795,,,,
8267,01/28/18 06:00:00  PM,7.820,,,,
8268,01/28/18 06:10:00  PM,7.870,,,,
8269,01/28/18 06:20:00  PM,7.845,,,,
8270,01/28/18 06:30:00  PM,7.870,,,,
8271,01/28/18 06:40:00  PM,7.895,,,,
8272,01/28/18 06:50:00  PM,7.870,,,,
8273,01/28/18 07:00:00  PM,7.870,,,,
8274,01/28/18 07:10:00  PM,7.870,,,,
8275,01/28/18 07:20:00  PM,7.845,,,,
8276,01/28/18 07:30:00  PM,7.845,,,,
8277,01/28/18 07:40:00  PM,7.820,,,,
8278,01/28/18 07:50:00  PM,7.795,,,,
8279,01/28/18 08:00:00  PM,7.770,,,,
8280,01/28/18 08:10:00  PM,7.745,,,,
8281,01/28/18 08:20:00  PM,7.745,,,,
8282,01/28/18 08:30:00  PM,7.720,,,,
8283,01/28/18 08:40:00  PM,7.720,,,,
8284,01/28/18 08:50:00  PM,7.720,,,,
8285,01/28/18 09:00:00  PM,7.720,,,,
8286,01/28/18 09:10:00  PM,7.695,,,,
8287,01/28/18 09:20:00  PM,7.670,,,,
8288,01/28/18 09:30:00  PM,7.695,,,,
8289,01/28/18 09:40:00  PM,7.720,,,,
8290,01/28/18 09:50:00  PM,7.720,,,,
8291,01/28/18 10:00:00  PM,7.695,,,,
8292,01/28/18 10:10:00  PM,7.745,,,,
8293,01/28/18 10:20:00  PM,7.695,,,,
8294,01/28/18 10:30:00  PM,7.695,,,,
8295,01/28/18 10:40:00  PM,7.695,,,,
8296,01/28/18 10:50:00  PM,7.695,,,,
8297,01/28/18 11:00:00  PM,7.720,,,,
8298,01/28/18 11:10:00  PM,7.720,,,,
8299,01/28/18 11:20:00  PM,7.720,,,,
8300,01/28/18 11:30:00  PM,7.720,,,,
8301,01/28/18 11:40:00  PM,7.820,,,,
8302,01/28/18 11:50:00  PM,7.845,,,,
8303,01/29/18 12:00:00  AM,7.870,,,,
8304,01/29/18 12:10:00  AM,7.870,,,,
8305,01/29/18 12:20:00  AM,7.870,,,,
8306,01/29/18 12:30:00  AM,7.870,,,,
8307,01/29/18 12:40:00  AM,7.920,,,,
8308,01/29/18 12:50:00  AM,7.920,,,,
8309,01/29/18 01:00:00  AM,7.920,,,,
8310,01/29/18 01:10:00  AM,7.920,,,,
8311,01/29/18 01:20:00  AM,7.920,,,,
8312,01/29/18 01:30:00  AM,7.920,,,,
8313,01/29/18 01:40:00  AM,7.920,,,,
8314,01/29/18 01:50:00  AM,7.920,,,,
8315,01/29/18 02:00:00  AM,7.920,,,,
8316,01/29/18 02:10:00  AM,7.920,,,,
8317,01/29/18 02:20:00  AM,7.920,,,,
8318,01/29/18 02:30:00  AM,7.920,,,,
8319,01/29/18 02:40:00  AM,7.920,,,,
8320,01/29/18 02:50:00  AM,7.920,,,,
8321,01/29/18 03:00:00  AM,7.920,,,,
8322,01/29/18 03:10:00  AM,7.920,,,,
8323,01/29/18 03:20:00  AM,7.920,,,,
8324,01/29/18 03:30:00  AM,7.920,,,,
8325,01/29/18 03:40:00  AM,7.920,,,,
8326,01/29/18 03:50:00  AM,7.920,,,,
8327,01/29/18 04:00:00  AM,7.920,,,,
8328,01/29/18 04:10:00  AM,7.920,,,,
8329,01/29/18 04:20:00  AM,7.920,,,,
8330,01/29/18 04:30:00  AM,7.920,,,,
8331,01/29/18 04:40:00  AM,7.920,,,,
8332,01/29/18 04:50:00  AM,7.920,,,,
8333,01/29/18 05:00:00  AM,7.920,,,,
8334,01/29/18 05:10:00  AM,7.920,,,,
8335,01/29/18 05:20:00  AM,7.920,,,,
8336,01/29/18 05:30:00  AM,7.895,,,,
8337,01/29/18 05:40:00  AM,7.895,,,,
8338,01/29/18 05:50:00  AM,7.895,,,,
8339,01/29/18 06:00:00  AM,7.895,,,,
8340,01/29/18 06:10:00  AM,7.895,,,,
8341,01/29/18 06:20:00  AM,7.895,,,,
8342,01/29/18 06:30:00  AM,7.895,,,,
8343,01/29/18 06:40:00  AM,7.895,,,,
8344,01/29/18 06:50:00  AM,7.895,,,,
8345,01/29/18 07:00:00  AM,7.895,,,,
8346,01/29/18 07:10:00  AM,7.895,,,,
8347,01/29/18 07:20:00  AM,7.895,,,,
8348,01/29/18 07:30:00  AM,7.895,,,,
8349,01/29/18 07:40:00  AM,7.895,,,,
8350,01/29/18 07:50:00  AM,7.895,,,,
8351,01/29/18 08:00:00  AM,7.895,,,,
8352,01/29/18 08:10:00  AM,7.895,,,,
8353,01/29/18 08:20:00  AM,7.895,,,,
8354,01/29/18 08:30:00  AM,7.895,,,,
8355,01/29/18 08:40:00  AM,7.895,,,,
8356,01/29/18 08:50:00  AM,7.895,,,,
8357,01/29/18 09:00:00  AM,7.895,,,,
8358,01/29/18 09:10:00  AM,7.895,,,,
8359,01/29/18 09:20:00  AM,7.895,,,,
8360,01/29/18 09:30:00  AM,7.895,,,,
8361,01/29/18 09:40:00  AM,7.895,,,,
8362,01/29/18 09:50:00  AM,7.895,,,,
8363,01/29/18 10:00:00  AM,7.895,,,,
8364,01/29/18 10:10:00  AM,7.895,,,,
8365,01/29/18 10:20:00  AM,7.895,,,,
8366,01/29/18 10:30:00  AM,7.895,,,,
8367,01/29/18 10:40:00  AM,7.895,,,,
8368,01/29/18 10:50:00  AM,7.895,,,,
8369,01/29/18 11:00:00  AM,7.895,,,,
8370,01/29/18 11:10:00  AM,7.895,,,,
8371,01/29/18 11:20:00  AM,7.895,,,,
8372,01/29/18 11:30:00  AM,7.895,,,,
8373,01/29/18 11:40:00  AM,7.895,,,,
8374,01/29/18 11:50:00  AM,7.895,,,,
8375,01/29/18 12:00:00  PM,7.895,,,,
8376,01/29/18 12:10:00  PM,7.895,,,,
8377,01/29/18 12:20:00  PM,7.895,,,,
8378,01/29/18 12:30:00  PM,7.895,,,,
8379,01/29/18 12:40:00  PM,7.895,,,,
8380,01/29/18 12:50:00  PM,7.895,,,,
8381,01/29/18 01:00:00  PM,7.895,,,,
8382,01/29/18 01:10:00  PM,7.895,,,,
8383,01/29/18 01:20:00  PM,7.895,,,,
8384,01/29/18 01:30:00  PM,7.895,,,,
8385,01/29/18 01:40:00  PM,7.895,,,,
8386,01/29/18 01:50:00  PM,7.895,,,,
8387,01/29/18 02:00:00  PM,7.895,,,,
8388,01/29/18 02:10:00  PM,7.895,,,,
8389,01/29/18 02:20:00  PM,7.895,,,,
8390,01/29/18 02:30:00  PM,7.895,,,,
8391,01/29/18 02:40:00  PM,7.895,,,,
8392,01/29/18 02:50:00  PM,7.895,,,,
8393,01/29/18 03:00:00  PM,7.895,,,,
8394,01/29/18 03:10:00  PM,7.895,,,,
8395,01/29/18 03:20:00  PM,7.920,,,,
8396,01/29/18 03:30:00  PM,7.895,,,,
8397,01/29/18 03:40:00  PM,7.920,,,,
8398,01/29/18 03:50:00  PM,7.920,,,,
8399,01/29/18 04:00:00  PM,7.920,,,,
8400,01/29/18 04:10:00  PM,7.920,,,,
8401,01/29/18 04:20:00  PM,7.920,,,,
8402,01/29/18 04:30:00  PM,7.920,,,,
8403,01/29/18 04:40:00  PM,7.920,,,,
8404,01/29/18 04:50:00  PM,7.920,,,,
8405,01/29/18 05:00:00  PM,7.920,,,,
8406,01/29/18 05:10:00  PM,7.920,,,,
8407,01/29/18 05:20:00  PM,7.920,,,,
8408,01/29/18 05:30:00  PM,7.895,,,,
8409,01/29/18 05:40:00  PM,7.895,,,,
8410,01/29/18 05:50:00  PM,7.895,,,,
8411,01/29/18 06:00:00  PM,7.895,,,,
8412,01/29/18 06:10:00  PM,7.870,,,,
8413,01/29/18 06:20:00  PM,7.870,,,,
8414,01/29/18 06:30:00  PM,7.870,,,,
8415,01/29/18 06:40:00  PM,7.870,,,,
8416,01/29/18 06:50:00  PM,7.870,,,,
8417,01/29/18 07:00:00  PM,7.845,,,,
8418,01/29/18 07:10:00  PM,7.845,,,,
8419,01/29/18 07:20:00  PM,7.845,,,,
8420,01/29/18 07:30:00  PM,7.845,,,,
8421,01/29/18 07:40:00  PM,7.870,,,,
8422,01/29/18 07:50:00  PM,7.870,,,,
8423,01/29/18 08:00:00  PM,7.870,,,,
8424,01/29/18 08:10:00  PM,7.870,,,,
8425,01/29/18 08:20:00  PM,7.870,,,,
8426,01/29/18 08:30:00  PM,7.870,,,,
8427,01/29/18 08:40:00  PM,7.845,,,,
8428,01/29/18 08:50:00  PM,7.845,,,,
8429,01/29/18 09:00:00  PM,7.845,,,,
8430,01/29/18 09:10:00  PM,7.820,,,,
8431,01/29/18 09:20:00  PM,7.820,,,,
8432,01/29/18 09:30:00  PM,7.820,,,,
8433,01/29/18 09:40:00  PM,7.820,,,,
8434,01/29/18 09:50:00  PM,7.820,,,,
8435,01/29/18 10:00:00  PM,7.795,,,,
8436,01/29/18 10:10:00  PM,7.795,,,,
8437,01/29/18 10:20:00  PM,7.720,,,,
8438,01/29/18 10:30:00  PM,7.745,,,,
8439,01/29/18 10:40:00  PM,7.720,,,,
8440,01/29/18 10:50:00  PM,7.720,,,,
8441,01/29/18 11:00:00  PM,7.745,,,,
8442,01/29/18 11:10:00  PM,7.745,,,,
8443,01/29/18 11:20:00  PM,7.720,,,,
8444,01/29/18 11:30:00  PM,7.695,,,,
8445,01/29/18 11:40:00  PM,7.720,,,,
8446,01/29/18 11:50:00  PM,7.745,,,,
8447,01/30/18 12:00:00  AM,7.770,,,,
8448,01/30/18 12:10:00  AM,7.795,,,,
8449,01/30/18 12:20:00  AM,7.745,,,,
8450,01/30/18 12:30:00  AM,7.745,,,,
8451,01/30/18 12:40:00  AM,7.770,,,,
8452,01/30/18 12:50:00  AM,7.770,,,,
8453,01/30/18 01:00:00  AM,7.845,,,,
8454,01/30/18 01:10:00  AM,7.845,,,,
8455,01/30/18 01:20:00  AM,7.845,,,,
8456,01/30/18 01:30:00  AM,7.845,,,,
8457,01/30/18 01:40:00  AM,7.845,,,,
8458,01/30/18 01:50:00  AM,7.870,,,,
8459,01/30/18 02:00:00  AM,7.870,,,,
8460,01/30/18 02:10:00  AM,7.870,,,,
8461,01/30/18 02:20:00  AM,7.920,,,,
8462,01/30/18 02:30:00  AM,7.920,,,,
8463,01/30/18 02:40:00  AM,7.920,,,,
8464,01/30/18 02:50:00  AM,7.920,,,,
8465,01/30/18 03:00:00  AM,7.920,,,,
8466,01/30/18 03:10:00  AM,7.920,,,,
8467,01/30/18 03:20:00  AM,7.920,,,,
8468,01/30/18 03:30:00  AM,7.920,,,,
8469,01/30/18 03:40:00  AM,7.920,,,,
8470,01/30/18 03:50:00  AM,7.920,,,,
8471,01/30/18 04:00:00  AM,7.920,,,,
8472,01/30/18 04:10:00  AM,7.920,,,,
8473,01/30/18 04:20:00  AM,7.945,,,,
8474,01/30/18 04:30:00  AM,7.945,,,,
8475,01/30/18 04:40:00  AM,7.945,,,,
8476,01/30/18 04:50:00  AM,7.945,,,,
8477,01/30/18 05:00:00  AM,7.920,,,,
8478,01/30/18 05:10:00  AM,7.920,,,,
8479,01/30/18 05:20:00  AM,7.920,,,,
8480,01/30/18 05:30:00  AM,7.920,,,,
8481,01/30/18 05:40:00  AM,7.920,,,,
8482,01/30/18 05:50:00  AM,7.920,,,,
8483,01/30/18 06:00:00  AM,7.920,,,,
8484,01/30/18 06:10:00  AM,7.920,,,,
8485,01/30/18 06:20:00  AM,7.920,,,,
8486,01/30/18 06:30:00  AM,7.920,,,,
8487,01/30/18 06:40:00  AM,7.920,,,,
8488,01/30/18 06:50:00  AM,7.920,,,,
8489,01/30/18 07:00:00  AM,7.920,,,,
8490,01/30/18 07:10:00  AM,7.920,,,,
8491,01/30/18 07:20:00  AM,7.920,,,,
8492,01/30/18 07:30:00  AM,7.920,,,,
8493,01/30/18 07:40:00  AM,7.895,,,,
8494,01/30/18 07:50:00  AM,7.920,,,,
8495,01/30/18 08:00:00  AM,7.920,,,,
8496,01/30/18 08:10:00  AM,7.920,,,,
8497,01/30/18 08:20:00  AM,7.920,,,,
8498,01/30/18 08:30:00  AM,7.920,,,,
8499,01/30/18 08:40:00  AM,7.920,,,,
8500,01/30/18 08:50:00  AM,7.920,,,,
8501,01/30/18 09:00:00  AM,7.920,,,,
8502,01/30/18 09:10:00  AM,7.895,,,,
8503,01/30/18 09:20:00  AM,7.895,,,,
8504,01/30/18 09:30:00  AM,7.870,,,,
8505,01/30/18 09:40:00  AM,7.870,,,,
8506,01/30/18 09:50:00  AM,7.870,,,,
8507,01/30/18 10:00:00  AM,7.870,,,,
8508,01/30/18 10:10:00  AM,7.870,,,,
8509,01/30/18 10:20:00  AM,7.845,,,,
8510,01/30/18 10:30:00  AM,7.845,,,,
8511,01/30/18 10:40:00  AM,7.845,,,,
8512,01/30/18 10:50:00  AM,7.820,,,,
8513,01/30/18 11:00:00  AM,7.820,,,,
8514,01/30/18 11:10:00  AM,7.820,,,,
8515,01/30/18 11:20:00  AM,7.820,,,,
8516,01/30/18 11:30:00  AM,7.845,,,,
8517,01/30/18 11:40:00  AM,7.870,,,,
8518,01/30/18 11:50:00  AM,7.845,,,,
8519,01/30/18 12:00:00  PM,7.870,,,,
8520,01/30/18 12:10:00  PM,7.895,,,,
8521,01/30/18 12:20:00  PM,7.895,,,,
8522,01/30/18 12:30:00  PM,7.895,,,,
8523,01/30/18 12:40:00  PM,7.895,,,,
8524,01/30/18 12:50:00  PM,7.870,,,,
8525,01/30/18 01:00:00  PM,7.895,,,,
8526,01/30/18 01:10:00  PM,7.895,,,,
8527,01/30/18 01:20:00  PM,7.895,,,,
8528,01/30/18 01:30:00  PM,7.895,,,,
8529,01/30/18 01:40:00  PM,7.895,,,,
8530,01/30/18 01:50:00  PM,7.920,,,,
8531,01/30/18 02:00:00  PM,7.895,,,,
8532,01/30/18 02:10:00  PM,7.895,,,,
8533,01/30/18 02:20:00  PM,7.920,,,,
8534,01/30/18 02:30:00  PM,7.920,,,,
8535,01/30/18 02:40:00  PM,7.920,,,,
8536,01/30/18 02:50:00  PM,7.895,,,,
8537,01/30/18 03:00:00  PM,7.920,,,,
8538,01/30/18 03:10:00  PM,7.920,,,,
8539,01/30/18 03:20:00  PM,7.895,,,,
8540,01/30/18 03:30:00  PM,7.920,,,,
8541,01/30/18 03:40:00  PM,7.895,,,,
8542,01/30/18 03:50:00  PM,7.895,,,,
8543,01/30/18 04:00:00  PM,7.895,,,,
8544,01/30/18 04:10:00  PM,7.895,,,,
8545,01/30/18 04:20:00  PM,7.895,,,,
8546,01/30/18 04:30:00  PM,7.895,,,,
8547,01/30/18 04:40:00  PM,7.895,,,,
8548,01/30/18 04:50:00  PM,7.895,,,,
8549,01/30/18 05:00:00  PM,7.870,,,,
8550,01/30/18 05:10:00  PM,7.870,,,,
8551,01/30/18 05:20:00  PM,7.870,,,,
8552,01/30/18 05:30:00  PM,7.870,,,,
8553,01/30/18 05:40:00  PM,7.870,,,,
8554,01/30/18 05:50:00  PM,7.870,,,,
8555,01/30/18 06:00:00  PM,7.870,,,,
8556,01/30/18 06:10:00  PM,7.870,,,,
8557,01/30/18 06:20:00  PM,7.870,,,,
8558,01/30/18 06:30:00  PM,7.845,,,,
8559,01/30/18 06:40:00  PM,7.845,,,,
8560,01/30/18 06:50:00  PM,7.845,,,,
8561,01/30/18 07:00:00  PM,7.845,,,,
8562,01/30/18 07:10:00  PM,7.820,,,,
8563,01/30/18 07:20:00  PM,7.795,,,,
8564,01/30/18 07:30:00  PM,7.820,,,,
8565,01/30/18 07:40:00  PM,7.820,,,,
8566,01/30/18 07:50:00  PM,7.795,,,,
8567,01/30/18 08:00:00  PM,7.795,,,,
8568,01/30/18 08:10:00  PM,7.795,,,,
8569,01/30/18 08:20:00  PM,7.820,,,,
8570,01/30/18 08:30:00  PM,7.820,,,,
8571,01/30/18 08:40:00  PM,7.795,,,,
8572,01/30/18 08:50:00  PM,7.770,,,,
8573,01/30/18 09:00:00  PM,7.745,,,,
8574,01/30/18 09:10:00  PM,7.745,,,,
8575,01/30/18 09:20:00  PM,7.745,,,,
8576,01/30/18 09:30:00  PM,7.720,,,,
8577,01/30/18 09:40:00  PM,7.720,,,,
8578,01/30/18 09:50:00  PM,7.720,,,,
8579,01/30/18 10:00:00  PM,7.720,,,,
8580,01/30/18 10:10:00  PM,7.720,,,,
8581,01/30/18 10:20:00  PM,7.720,,,,
8582,01/30/18 10:30:00  PM,7.720,,,,
8583,01/30/18 10:40:00  PM,7.695,,,,
8584,01/30/18 10:50:00  PM,7.695,,,,
8585,01/30/18 11:00:00  PM,7.670,,,,
8586,01/30/18 11:10:00  PM,7.670,,,,
8587,01/30/18 11:20:00  PM,7.670,,,,
8588,01/30/18 11:30:00  PM,7.645,,,,
8589,01/30/18 11:40:00  PM,7.645,,,,
8590,01/30/18 11:50:00  PM,7.645,,,,
8591,01/31/18 12:00:00  AM,7.645,,,,
8592,01/31/18 12:10:00  AM,7.645,,,,
8593,01/31/18 12:20:00  AM,7.645,,,,
8594,01/31/18 12:30:00  AM,7.645,,,,
8595,01/31/18 12:40:00  AM,7.645,,,,
8596,01/31/18 12:50:00  AM,7.645,,,,
8597,01/31/18 01:00:00  AM,7.695,,,,
8598,01/31/18 01:10:00  AM,7.695,,,,
8599,01/31/18 01:20:00  AM,7.745,,,,
8600,01/31/18 01:30:00  AM,7.745,,,,
8601,01/31/18 01:40:00  AM,7.745,,,,
8602,01/31/18 01:50:00  AM,7.770,,,,
8603,01/31/18 02:00:00  AM,7.770,,,,
8604,01/31/18 02:10:00  AM,7.770,,,,
8605,01/31/18 02:20:00  AM,7.770,,,,
8606,01/31/18 02:30:00  AM,7.820,,,,
8607,01/31/18 02:40:00  AM,7.795,,,,
8608,01/31/18 02:50:00  AM,7.795,,,,
8609,01/31/18 03:00:00  AM,7.770,,,,
8610,01/31/18 03:10:00  AM,7.770,,,,
8611,01/31/18 03:20:00  AM,7.795,,,,
8612,01/31/18 03:30:00  AM,7.820,,,,
8613,01/31/18 03:40:00  AM,7.845,,,,
8614,01/31/18 03:50:00  AM,7.845,,,,
8615,01/31/18 04:00:00  AM,7.845,,,,
8616,01/31/18 04:10:00  AM,7.845,,,,
8617,01/31/18 04:20:00  AM,7.870,,,,
8618,01/31/18 04:30:00  AM,7.870,,,,
8619,01/31/18 04:40:00  AM,7.870,,,,
8620,01/31/18 04:50:00  AM,7.870,,,,
8621,01/31/18 05:00:00  AM,7.870,,,,
8622,01/31/18 05:10:00  AM,7.870,,,,
8623,01/31/18 05:20:00  AM,7.870,,,,
8624,01/31/18 05:30:00  AM,7.870,,,,
8625,01/31/18 05:40:00  AM,7.870,,,,
8626,01/31/18 05:50:00  AM,7.845,,,,
8627,01/31/18 06:00:00  AM,7.845,,,,
8628,01/31/18 06:10:00  AM,7.845,,,,
8629,01/31/18 06:20:00  AM,7.845,,,,
8630,01/31/18 06:30:00  AM,7.845,,,,
8631,01/31/18 06:40:00  AM,7.820,,,,
8632,01/31/18 06:50:00  AM,7.820,,,,
8633,01/31/18 07:00:00  AM,7.820,,,,
8634,01/31/18 07:10:00  AM,7.795,,,,
8635,01/31/18 07:20:00  AM,7.795,,,,
8636,01/31/18 07:30:00  AM,7.795,,,,
8637,01/31/18 07:40:00  AM,7.770,,,,
8638,01/31/18 07:50:00  AM,7.745,,,,
8639,01/31/18 08:00:00  AM,7.745,,,,
8640,01/31/18 08:10:00  AM,7.720,,,,
8641,01/31/18 08:20:00  AM,7.745,,,,
8642,01/31/18 08:30:00  AM,7.720,,,,
8643,01/31/18 08:40:00  AM,7.720,,,,
8644,01/31/18 08:50:00  AM,7.695,,,,
8645,01/31/18 09:00:00  AM,7.695,,,,
8646,01/31/18 09:10:00  AM,7.695,,,,
8647,01/31/18 09:20:00  AM,7.695,,,,
8648,01/31/18 09:30:00  AM,7.695,,,,
8649,01/31/18 09:40:00  AM,7.745,,,,
8650,01/31/18 09:50:00  AM,7.720,,,,
8651,01/31/18 10:00:00  AM,7.720,,,,
8652,01/31/18 10:10:00  AM,7.720,,,,
8653,01/31/18 10:20:00  AM,7.720,,,,
8654,01/31/18 10:30:00  AM,7.695,,,,
8655,01/31/18 10:40:00  AM,7.695,,,,
8656,01/31/18 10:50:00  AM,7.695,,,,
8657,01/31/18 11:00:00  AM,7.670,,,,
8658,01/31/18 11:10:00  AM,7.670,,,,
8659,01/31/18 11:20:00  AM,7.670,,,,
8660,01/31/18 11:30:00  AM,7.670,,,,
8661,01/31/18 11:40:00  AM,7.670,,,,
8662,01/31/18 11:50:00  AM,7.670,,,,
8663,01/31/18 12:00:00  PM,7.645,,,,
8664,01/31/18 12:10:00  PM,7.645,,,,
8665,01/31/18 12:20:00  PM,7.670,,,,
8666,01/31/18 12:30:00  PM,7.670,,,,
8667,01/31/18 12:40:00  PM,7.670,,,,
8668,01/31/18 12:50:00  PM,7.695,,,,
8669,01/31/18 01:00:00  PM,7.720,,,,
8670,01/31/18 01:10:00  PM,7.745,,,,
8671,01/31/18 01:20:00  PM,7.770,,,,
8672,01/31/18 01:30:00  PM,7.770,,,,
8673,01/31/18 01:40:00  PM,7.770,,,,
8674,01/31/18 01:50:00  PM,7.745,,,,
8675,01/31/18 02:00:00  PM,7.745,,,,
8676,01/31/18 02:10:00  PM,7.745,,,,
8677,01/31/18 02:20:00  PM,7.745,,,,
8678,01/31/18 02:30:00  PM,7.745,,,,
8679,01/31/18 02:40:00  PM,7.770,,,,
8680,01/31/18 02:50:00  PM,7.770,,,,
8681,01/31/18 03:00:00  PM,7.770,,,,
8682,01/31/18 03:10:00  PM,7.820,,,,
8683,01/31/18 03:20:00  PM,7.845,,,,
8684,01/31/18 03:30:00  PM,7.870,,,,
8685,01/31/18 03:40:00  PM,7.870,,,,
8686,01/31/18 03:50:00  PM,7.870,,,,
8687,01/31/18 04:00:00  PM,7.870,,,,
8688,01/31/18 04:10:00  PM,7.870,,,,
8689,01/31/18 04:20:00  PM,7.870,,,,
8690,01/31/18 04:30:00  PM,7.870,,,,
8691,01/31/18 04:40:00  PM,7.870,,,,
8692,01/31/18 04:50:00  PM,7.870,,,,
8693,01/31/18 05:00:00  PM,7.870,,,,
8694,01/31/18 05:10:00  PM,7.870,,,,
8695,01/31/18 05:20:00  PM,7.870,,,,
8696,01/31/18 05:30:00  PM,7.870,,,,
8697,01/31/18 05:40:00  PM,7.870,,,,
8698,01/31/18 05:50:00  PM,7.870,,,,
8699,01/31/18 06:00:00  PM,7.870,,,,
8700,01/31/18 06:10:00  PM,7.870,,,,
8701,01/31/18 06:20:00  PM,7.870,,,,
8702,01/31/18 06:30:00  PM,7.845,,,,
8703,01/31/18 06:40:00  PM,7.845,,,,
8704,01/31/18 06:50:00  PM,7.845,,,,
8705,01/31/18 07:00:00  PM,7.845,,,,
8706,01/31/18 07:10:00  PM,7.820,,,,
8707,01/31/18 07:20:00  PM,7.820,,,,
8708,01/31/18 07:30:00  PM,7.820,,,,
8709,01/31/18 07:40:00  PM,7.795,,,,
8710,01/31/18 07:50:00  PM,7.795,,,,
8711,01/31/18 08:00:00  PM,7.770,,,,
8712,01/31/18 08:10:00  PM,7.770,,,,
8713,01/31/18 08:20:00  PM,7.745,,,,
8714,01/31/18 08:30:00  PM,7.745,,,,
8715,01/31/18 08:40:00  PM,7.745,,,,
8716,01/31/18 08:50:00  PM,7.720,,,,
8717,01/31/18 09:00:00  PM,7.795,,,,
8718,01/31/18 09:10:00  PM,7.770,,,,
8719,01/31/18 09:20:00  PM,7.795,,,,
8720,01/31/18 09:30:00  PM,7.770,,,,
8721,01/31/18 09:40:00  PM,7.795,,,,
8722,01/31/18 09:50:00  PM,7.770,,,,
8723,01/31/18 10:00:00  PM,7.770,,,,
8724,01/31/18 10:10:00  PM,7.770,,,,
8725,01/31/18 10:20:00  PM,7.720,,,,
8726,01/31/18 10:30:00  PM,7.745,,,,
8727,01/31/18 10:40:00  PM,7.720,,,,
8728,01/31/18 10:50:00  PM,7.720,,,,
8729,01/31/18 11:00:00  PM,7.695,,,,
8730,01/31/18 11:10:00  PM,7.670,,,,
8731,01/31/18 11:20:00  PM,7.670,,,,
8732,01/31/18 11:30:00  PM,7.645,,,,
8733,01/31/18 11:40:00  PM,7.645,,,,
8734,01/31/18 11:50:00  PM,7.645,,,,
8735,02/01/18 12:00:00  AM,7.645,,,,
8736,02/01/18 12:10:00  AM,7.645,,,,
8737,02/01/18 12:20:00  AM,7.645,,,,
8738,02/01/18 12:30:00  AM,7.645,,,,
8739,02/01/18 12:40:00  AM,7.619,,,,
8740,02/01/18 12:50:00  AM,7.670,,,,
8741,02/01/18 01:00:00  AM,7.619,,,,
8742,02/01/18 01:10:00  AM,7.645,,,,
8743,02/01/18 01:20:00  AM,7.645,,,,
8744,02/01/18 01:30:00  AM,7.645,,,,
8745,02/01/18 01:40:00  AM,7.645,,,,
8746,02/01/18 01:50:00  AM,7.670,,,,
8747,02/01/18 02:00:00  AM,7.770,,,,
8748,02/01/18 02:10:00  AM,7.745,,,,
8749,02/01/18 02:20:00  AM,7.770,,,,
8750,02/01/18 02:30:00  AM,7.795,,,,
8751,02/01/18 02:40:00  AM,7.795,,,,
8752,02/01/18 02:50:00  AM,7.820,,,,
8753,02/01/18 03:00:00  AM,7.845,,,,
8754,02/01/18 03:10:00  AM,7.845,,,,
8755,02/01/18 03:20:00  AM,7.870,,,,
8756,02/01/18 03:30:00  AM,7.870,,,,
8757,02/01/18 03:40:00  AM,7.870,,,,
8758,02/01/18 03:50:00  AM,7.895,,,,
8759,02/01/18 04:00:00  AM,7.870,,,,
8760,02/01/18 04:10:00  AM,7.870,,,,
8761,02/01/18 04:20:00  AM,7.895,,,,
8762,02/01/18 04:30:00  AM,7.870,,,,
8763,02/01/18 04:40:00  AM,7.870,,,,
8764,02/01/18 04:50:00  AM,7.870,,,,
8765,02/01/18 05:00:00  AM,7.870,,,,
8766,02/01/18 05:10:00  AM,7.845,,,,
8767,02/01/18 05:20:00  AM,7.845,,,,
8768,02/01/18 05:30:00  AM,7.845,,,,
8769,02/01/18 05:40:00  AM,7.845,,,,
8770,02/01/18 05:50:00  AM,7.845,,,,
8771,02/01/18 06:00:00  AM,7.845,,,,
8772,02/01/18 06:10:00  AM,7.845,,,,
8773,02/01/18 06:20:00  AM,7.845,,,,
8774,02/01/18 06:30:00  AM,7.820,,,,
8775,02/01/18 06:40:00  AM,7.820,,,,
8776,02/01/18 06:50:00  AM,7.820,,,,
8777,02/01/18 07:00:00  AM,7.820,,,,
8778,02/01/18 07:10:00  AM,7.795,,,,
8779,02/01/18 07:20:00  AM,7.795,,,,
8780,02/01/18 07:30:00  AM,7.795,,,,
8781,02/01/18 07:40:00  AM,7.795,,,,
8782,02/01/18 07:50:00  AM,7.795,,,,
8783,02/01/18 08:00:00  AM,7.770,,,,
8784,02/01/18 08:10:00  AM,7.770,,,,
8785,02/01/18 08:20:00  AM,7.770,,,,
8786,02/01/18 08:30:00  AM,7.745,,,,
8787,02/01/18 08:40:00  AM,7.745,,,,
8788,02/01/18 08:50:00  AM,7.745,,,,
8789,02/01/18 09:00:00  AM,7.720,,,,
8790,02/01/18 09:10:00  AM,7.720,,,,
8791,02/01/18 09:20:00  AM,7.720,,,,
8792,02/01/18 09:30:00  AM,7.720,,,,
8793,02/01/18 09:40:00  AM,7.720,,,,
8794,02/01/18 09:50:00  AM,7.720,,,,
8795,02/01/18 10:00:00  AM,7.745,,,,
8796,02/01/18 10:10:00  AM,7.745,,,,
8797,02/01/18 10:20:00  AM,7.745,,,,
8798,02/01/18 10:30:00  AM,7.745,,,,
8799,02/01/18 10:40:00  AM,7.745,,,,
8800,02/01/18 10:50:00  AM,7.745,,,,
8801,02/01/18 11:00:00  AM,7.720,,,,
8802,02/01/18 11:10:00  AM,7.695,,,,
8803,02/01/18 11:20:00  AM,7.695,,,,
8804,02/01/18 11:30:00  AM,7.695,,,,
8805,02/01/18 11:40:00  AM,7.695,,,,
8806,02/01/18 11:50:00  AM,7.670,,,,
8807,02/01/18 12:00:00  PM,7.670,,,,
8808,02/01/18 12:10:00  PM,7.670,,,,
8809,02/01/18 12:20:00  PM,7.670,,,,
8810,02/01/18 12:30:00  PM,7.645,,,,
8811,02/01/18 12:40:00  PM,7.670,,,,
8812,02/01/18 12:50:00  PM,7.645,,,,
8813,02/01/18 01:00:00  PM,7.645,,,,
8814,02/01/18 01:10:00  PM,7.645,,,,
8815,02/01/18 01:20:00  PM,7.645,,,,
8816,02/01/18 01:30:00  PM,7.670,,,,
8817,02/01/18 01:40:00  PM,7.695,,,,
8818,02/01/18 01:50:00  PM,7.695,,,,
8819,02/01/18 02:00:00  PM,7.695,,,,
8820,02/01/18 02:10:00  PM,7.745,,,,
8821,02/01/18 02:20:00  PM,7.745,,,,
8822,02/01/18 02:30:00  PM,7.770,,,,
8823,02/01/18 02:40:00  PM,7.770,,,,
8824,02/01/18 02:50:00  PM,7.770,,,,
8825,02/01/18 03:00:00  PM,7.795,,,,
8826,02/01/18 03:10:00  PM,7.795,,,,
8827,02/01/18 03:20:00  PM,7.845,,,,
8828,02/01/18 03:30:00  PM,7.895,,,,
8829,02/01/18 03:40:00  PM,7.895,,,,
8830,02/01/18 03:50:00  PM,7.895,,,,
8831,02/01/18 04:00:00  PM,7.895,,,,
8832,02/01/18 04:10:00  PM,7.895,,,,
8833,02/01/18 04:20:00  PM,7.895,,,,
8834,02/01/18 04:30:00  PM,7.870,,,,
8835,02/01/18 04:40:00  PM,7.870,,,,
8836,02/01/18 04:50:00  PM,7.870,,,,
8837,02/01/18 05:00:00  PM,7.870,,,,
8838,02/01/18 05:10:00  PM,7.870,,,,
8839,02/01/18 05:20:00  PM,7.870,,,,
8840,02/01/18 05:30:00  PM,7.870,,,,
8841,02/01/18 05:40:00  PM,7.870,,,,
8842,02/01/18 05:50:00  PM,7.870,,,,
8843,02/01/18 06:00:00  PM,7.870,,,,
8844,02/01/18 06:10:00  PM,7.870,,,,
8845,02/01/18 06:20:00  PM,7.870,,,,
8846,02/01/18 06:30:00  PM,7.870,,,,
8847,02/01/18 06:40:00  PM,7.870,,,,
8848,02/01/18 06:50:00  PM,7.870,,,,
8849,02/01/18 07:00:00  PM,7.845,,,,
8850,02/01/18 07:10:00  PM,7.845,,,,
8851,02/01/18 07:20:00  PM,7.845,,,,
8852,02/01/18 07:30:00  PM,7.845,,,,
8853,02/01/18 07:40:00  PM,7.820,,,,
8854,02/01/18 07:50:00  PM,7.820,,,,
8855,02/01/18 08:00:00  PM,7.820,,,,
8856,02/01/18 08:10:00  PM,7.795,,,,
8857,02/01/18 08:20:00  PM,7.770,,,,
8858,02/01/18 08:30:00  PM,7.745,,,,
8859,02/01/18 08:40:00  PM,7.720,,,,
8860,02/01/18 08:50:00  PM,7.720,,,,
8861,02/01/18 09:00:00  PM,7.745,,,,
8862,02/01/18 09:10:00  PM,7.770,,,,
8863,02/01/18 09:20:00  PM,7.770,,,,
8864,02/01/18 09:30:00  PM,7.770,,,,
8865,02/01/18 09:40:00  PM,7.745,,,,
8866,02/01/18 09:50:00  PM,7.720,,,,
8867,02/01/18 10:00:00  PM,7.695,,,,
8868,02/01/18 10:10:00  PM,7.695,,,,
8869,02/01/18 10:20:00  PM,7.695,,,,
8870,02/01/18 10:30:00  PM,7.670,,,,
8871,02/01/18 10:40:00  PM,7.670,,,,
8872,02/01/18 10:50:00  PM,7.670,,,,
8873,02/01/18 11:00:00  PM,7.619,,,,
8874,02/01/18 11:10:00  PM,7.619,,,,
8875,02/01/18 11:20:00  PM,7.619,,,,
8876,02/01/18 11:30:00  PM,7.619,,,,
8877,02/01/18 11:40:00  PM,7.619,,,,
8878,02/01/18 11:50:00  PM,7.619,,,,
8879,02/02/18 12:00:00  AM,7.594,,,,
8880,02/02/18 12:10:00  AM,7.619,,,,
8881,02/02/18 12:20:00  AM,7.594,,,,
8882,02/02/18 12:30:00  AM,7.594,,,,
8883,02/02/18 12:40:00  AM,7.544,,,,
8884,02/02/18 12:50:00  AM,7.544,,,,
8885,02/02/18 01:00:00  AM,7.569,,,,
8886,02/02/18 01:10:00  AM,7.569,,,,
8887,02/02/18 01:20:00  AM,7.569,,,,
8888,02/02/18 01:30:00  AM,7.569,,,,
8889,02/02/18 01:40:00  AM,7.569,,,,
8890,02/02/18 01:50:00  AM,7.569,,,,
8891,02/02/18 02:00:00  AM,7.569,,,,
8892,02/02/18 02:10:00  AM,7.569,,,,
8893,02/02/18 02:20:00  AM,7.594,,,,
8894,02/02/18 02:30:00  AM,7.594,,,,
8895,02/02/18 02:40:00  AM,7.594,,,,
8896,02/02/18 02:50:00  AM,7.619,,,,
8897,02/02/18 03:00:00  AM,7.619,,,,
8898,02/02/18 03:10:00  AM,7.645,,,,
8899,02/02/18 03:20:00  AM,7.670,,,,
8900,02/02/18 03:30:00  AM,7.670,,,,
8901,02/02/18 03:40:00  AM,7.670,,,,
8902,02/02/18 03:50:00  AM,7.670,,,,
8903,02/02/18 04:00:00  AM,7.745,,,,
8904,02/02/18 04:10:00  AM,7.720,,,,
8905,02/02/18 04:20:00  AM,7.720,,,,
8906,02/02/18 04:30:00  AM,7.720,,,,
8907,02/02/18 04:40:00  AM,7.720,,,,
8908,02/02/18 04:50:00  AM,7.720,,,,
8909,02/02/18 05:00:00  AM,7.795,,,,
8910,02/02/18 05:10:00  AM,7.845,,,,
8911,02/02/18 05:20:00  AM,7.845,,,,
8912,02/02/18 05:30:00  AM,7.820,,,,
8913,02/02/18 05:40:00  AM,7.820,,,,
8914,02/02/18 05:50:00  AM,7.820,,,,
8915,02/02/18 06:00:00  AM,7.820,,,,
8916,02/02/18 06:10:00  AM,7.820,,,,
8917,02/02/18 06:20:00  AM,7.820,,,,
8918,02/02/18 06:30:00  AM,7.845,,,,
8919,02/02/18 06:40:00  AM,7.845,,,,
8920,02/02/18 06:50:00  AM,7.820,,,,
8921,02/02/18 07:00:00  AM,7.820,,,,
8922,02/02/18 07:10:00  AM,7.820,,,,
8923,02/02/18 07:20:00  AM,7.820,,,,
8924,02/02/18 07:30:00  AM,7.820,,,,
8925,02/02/18 07:40:00  AM,7.820,,,,
8926,02/02/18 07:50:00  AM,7.795,,,,
8927,02/02/18 08:00:00  AM,7.795,,,,
8928,02/02/18 08:10:00  AM,7.795,,,,
8929,02/02/18 08:20:00  AM,7.795,,,,
8930,02/02/18 08:30:00  AM,7.795,,,,
8931,02/02/18 08:40:00  AM,7.820,,,,
8932,02/02/18 08:50:00  AM,7.795,,,,
8933,02/02/18 09:00:00  AM,7.795,,,,
8934,02/02/18 09:10:00  AM,7.820,,,,
8935,02/02/18 09:20:00  AM,7.795,,,,
8936,02/02/18 09:30:00  AM,7.745,,,,
8937,02/02/18 09:40:00  AM,7.770,,,,
8938,02/02/18 09:50:00  AM,7.770,,,,
8939,02/02/18 10:00:00  AM,7.770,,,,
8940,02/02/18 10:10:00  AM,7.770,,,,
8941,02/02/18 10:20:00  AM,7.795,,,,
8942,02/02/18 10:30:00  AM,7.795,,,,
8943,02/02/18 10:40:00  AM,7.795,,,,
8944,02/02/18 10:50:00  AM,7.795,,,,
8945,02/02/18 11:00:00  AM,7.795,,,,
8946,02/02/18 11:10:00  AM,7.770,,,,
8947,02/02/18 11:20:00  AM,7.770,,,,
8948,02/02/18 11:30:00  AM,7.745,,,,
8949,02/02/18 11:40:00  AM,7.745,,,,
8950,02/02/18 11:50:00  AM,7.745,,,,
8951,02/02/18 12:00:00  PM,7.720,,,,
8952,02/02/18 12:10:00  PM,7.720,,,,
8953,02/02/18 12:20:00  PM,7.695,,,,
8954,02/02/18 12:30:00  PM,7.695,,,,
8955,02/02/18 12:40:00  PM,7.695,,,,
8956,02/02/18 12:50:00  PM,7.695,,,,
8957,02/02/18 01:00:00  PM,7.645,,,,
8958,02/02/18 01:10:00  PM,7.645,,,,
8959,02/02/18 01:20:00  PM,7.670,,,,
8960,02/02/18 01:30:00  PM,7.670,,,,
8961,02/02/18 01:40:00  PM,7.695,,,,
8962,02/02/18 01:50:00  PM,7.695,,,,
8963,02/02/18 02:00:00  PM,7.745,,,,
8964,02/02/18 02:10:00  PM,7.720,,,,
8965,02/02/18 02:20:00  PM,7.745,,,,
8966,02/02/18 02:30:00  PM,7.745,,,,
8967,02/02/18 02:40:00  PM,7.770,,,,
8968,02/02/18 02:50:00  PM,7.745,,,,
8969,02/02/18 03:00:00  PM,7.745,,,,
8970,02/02/18 03:10:00  PM,7.745,,,,
8971,02/02/18 03:20:00  PM,7.720,,,,
8972,02/02/18 03:30:00  PM,7.745,,,,
8973,02/02/18 03:40:00  PM,7.745,,,,
8974,02/02/18 03:50:00  PM,7.745,,,,
8975,02/02/18 04:00:00  PM,7.745,,,,
8976,02/02/18 04:10:00  PM,7.745,,,,
8977,02/02/18 04:20:00  PM,7.770,,,,
8978,02/02/18 04:30:00  PM,7.745,,,,
8979,02/02/18 04:40:00  PM,7.745,,,,
8980,02/02/18 04:50:00  PM,7.770,,,,
8981,02/02/18 05:00:00  PM,7.795,,,,
8982,02/02/18 05:10:00  PM,7.795,,,,
8983,02/02/18 05:20:00  PM,7.820,,,,
8984,02/02/18 05:30:00  PM,7.795,,,,
8985,02/02/18 05:40:00  PM,7.820,,,,
8986,02/02/18 05:50:00  PM,7.820,,,,
8987,02/02/18 06:00:00  PM,7.820,,,,
8988,02/02/18 06:10:00  PM,7.795,,,,
8989,02/02/18 06:20:00  PM,7.770,,,,
8990,02/02/18 06:30:00  PM,7.770,,,,
8991,02/02/18 06:40:00  PM,7.770,,,,
8992,02/02/18 06:50:00  PM,7.770,,,,
8993,02/02/18 07:00:00  PM,7.770,,,,
8994,02/02/18 07:10:00  PM,7.770,,,,
8995,02/02/18 07:20:00  PM,7.770,,,,
8996,02/02/18 07:30:00  PM,7.770,,,,
8997,02/02/18 07:40:00  PM,7.745,,,,
8998,02/02/18 07:50:00  PM,7.745,,,,
8999,02/02/18 08:00:00  PM,7.720,,,,
9000,02/02/18 08:10:00  PM,7.720,,,,
9001,02/02/18 08:20:00  PM,7.720,,,,
9002,02/02/18 08:30:00  PM,7.720,,,,
9003,02/02/18 08:40:00  PM,7.720,,,,
9004,02/02/18 08:50:00  PM,7.720,,,,
9005,02/02/18 09:00:00  PM,7.695,,,,
9006,02/02/18 09:10:00  PM,7.695,,,,
9007,02/02/18 09:20:00  PM,7.695,,,,
9008,02/02/18 09:30:00  PM,7.695,,,,
9009,02/02/18 09:40:00  PM,7.695,,,,
9010,02/02/18 09:50:00  PM,7.720,,,,
9011,02/02/18 10:00:00  PM,7.695,,,,
9012,02/02/18 10:10:00  PM,7.695,,,,
9013,02/02/18 10:20:00  PM,7.695,,,,
9014,02/02/18 10:30:00  PM,7.695,,,,
9015,02/02/18 10:40:00  PM,7.695,,,,
9016,02/02/18 10:50:00  PM,7.695,,,,
9017,02/02/18 11:00:00  PM,7.695,,,,
9018,02/02/18 11:10:00  PM,7.695,,,,
9019,02/02/18 11:20:00  PM,7.720,,,,
9020,02/02/18 11:30:00  PM,7.695,,,,
9021,02/02/18 11:40:00  PM,7.695,,,,
9022,02/02/18 11:50:00  PM,7.670,,,,
9023,02/03/18 12:00:00  AM,7.670,,,,
9024,02/03/18 12:10:00  AM,7.670,,,,
9025,02/03/18 12:20:00  AM,7.670,,,,
9026,02/03/18 12:30:00  AM,7.670,,,,
9027,02/03/18 12:40:00  AM,7.645,,,,
9028,02/03/18 12:50:00  AM,7.645,,,,
9029,02/03/18 01:00:00  AM,7.645,,,,
9030,02/03/18 01:10:00  AM,7.645,,,,
9031,02/03/18 01:20:00  AM,7.645,,,,
9032,02/03/18 01:30:00  AM,7.645,,,,
9033,02/03/18 01:40:00  AM,7.645,,,,
9034,02/03/18 01:50:00  AM,7.645,,,,
9035,02/03/18 02:00:00  AM,7.670,,,,
9036,02/03/18 02:10:00  AM,7.645,,,,
9037,02/03/18 02:20:00  AM,7.670,,,,
9038,02/03/18 02:30:00  AM,7.670,,,,
9039,02/03/18 02:40:00  AM,7.670,,,,
9040,02/03/18 02:50:00  AM,7.670,,,,
9041,02/03/18 03:00:00  AM,7.670,,,,
9042,02/03/18 03:10:00  AM,7.670,,,,
9043,02/03/18 03:20:00  AM,7.670,,,,
9044,02/03/18 03:30:00  AM,7.670,,,,
9045,02/03/18 03:40:00  AM,7.670,,,,
9046,02/03/18 03:50:00  AM,7.695,,,,
9047,02/03/18 04:00:00  AM,7.695,,,,
9048,02/03/18 04:10:00  AM,7.695,,,,
9049,02/03/18 04:20:00  AM,7.695,,,,
9050,02/03/18 04:30:00  AM,7.695,,,,
9051,02/03/18 04:40:00  AM,7.695,,,,
9052,02/03/18 04:50:00  AM,7.670,,,,
9053,02/03/18 05:00:00  AM,7.720,,,,
9054,02/03/18 05:10:00  AM,7.745,,,,
9055,02/03/18 05:20:00  AM,7.770,,,,
9056,02/03/18 05:30:00  AM,7.770,,,,
9057,02/03/18 05:40:00  AM,7.770,,,,
9058,02/03/18 05:50:00  AM,7.770,,,,
9059,02/03/18 06:00:00  AM,7.770,,,,
9060,02/03/18 06:10:00  AM,7.770,,,,
9061,02/03/18 06:20:00  AM,7.770,,,,
9062,02/03/18 06:30:00  AM,7.770,,,,
9063,02/03/18 06:40:00  AM,7.770,,,,
9064,02/03/18 06:50:00  AM,7.770,,,,
9065,02/03/18 07:00:00  AM,7.770,,,,
9066,02/03/18 07:10:00  AM,7.745,,,,
9067,02/03/18 07:20:00  AM,7.745,,,,
9068,02/03/18 07:30:00  AM,7.745,,,,
9069,02/03/18 07:40:00  AM,7.745,,,,
9070,02/03/18 07:50:00  AM,7.745,,,,
9071,02/03/18 08:00:00  AM,7.745,,,,
9072,02/03/18 08:10:00  AM,7.745,,,,
9073,02/03/18 08:20:00  AM,7.745,,,,
9074,02/03/18 08:30:00  AM,7.745,,,,
9075,02/03/18 08:40:00  AM,7.720,,,,
9076,02/03/18 08:50:00  AM,7.720,,,,
9077,02/03/18 09:00:00  AM,7.720,,,,
9078,02/03/18 09:10:00  AM,7.695,,,,
9079,02/03/18 09:20:00  AM,7.695,,,,
9080,02/03/18 09:30:00  AM,7.695,,,,
9081,02/03/18 09:40:00  AM,7.695,,,,
9082,02/03/18 09:50:00  AM,7.695,,,,
9083,02/03/18 10:00:00  AM,7.695,,,,
9084,02/03/18 10:10:00  AM,7.670,,,,
9085,02/03/18 10:20:00  AM,7.670,,,,
9086,02/03/18 10:30:00  AM,7.670,,,,
9087,02/03/18 10:40:00  AM,7.670,,,,
9088,02/03/18 10:50:00  AM,7.670,,,,
9089,02/03/18 11:00:00  AM,7.670,,,,
9090,02/03/18 11:10:00  AM,7.670,,,,
9091,02/03/18 11:20:00  AM,7.670,,,,
9092,02/03/18 11:30:00  AM,7.670,,,,
9093,02/03/18 11:40:00  AM,7.670,,,,
9094,02/03/18 11:50:00  AM,7.670,,,,
9095,02/03/18 12:00:00  PM,7.695,,,,
9096,02/03/18 12:10:00  PM,7.695,,,,
9097,02/03/18 12:20:00  PM,7.670,,,,
9098,02/03/18 12:30:00  PM,7.670,,,,
9099,02/03/18 12:40:00  PM,7.670,,,,
9100,02/03/18 12:50:00  PM,7.670,,,,
9101,02/03/18 01:00:00  PM,7.670,,,,
9102,02/03/18 01:10:00  PM,7.670,,,,
9103,02/03/18 01:20:00  PM,7.670,,,,
9104,02/03/18 01:30:00  PM,7.670,,,,
9105,02/03/18 01:40:00  PM,7.670,,,,
9106,02/03/18 01:50:00  PM,7.670,,,,
9107,02/03/18 02:00:00  PM,7.670,,,,
9108,02/03/18 02:10:00  PM,7.670,,,,
9109,02/03/18 02:20:00  PM,7.670,,,,
9110,02/03/18 02:30:00  PM,7.670,,,,
9111,02/03/18 02:40:00  PM,7.670,,,,
9112,02/03/18 02:50:00  PM,7.670,,,,
9113,02/03/18 03:00:00  PM,7.670,,,,
9114,02/03/18 03:10:00  PM,7.670,,,,
9115,02/03/18 03:20:00  PM,7.695,,,,
9116,02/03/18 03:30:00  PM,7.695,,,,
9117,02/03/18 03:40:00  PM,7.695,,,,
9118,02/03/18 03:50:00  PM,7.695,,,,
9119,02/03/18 04:00:00  PM,7.695,,,,
9120,02/03/18 04:10:00  PM,7.695,,,,
9121,02/03/18 04:20:00  PM,7.695,,,,
9122,02/03/18 04:30:00  PM,7.695,,,,
9123,02/03/18 04:40:00  PM,7.670,,,,
9124,02/03/18 04:50:00  PM,7.695,,,,
9125,02/03/18 05:00:00  PM,7.670,,,,
9126,02/03/18 05:10:00  PM,7.670,,,,
9127,02/03/18 05:20:00  PM,7.670,,,,
9128,02/03/18 05:30:00  PM,7.645,,,,
9129,02/03/18 05:40:00  PM,7.720,,,,
9130,02/03/18 05:50:00  PM,7.695,,,,
9131,02/03/18 06:00:00  PM,7.720,,,,
9132,02/03/18 06:10:00  PM,7.720,,,,
9133,02/03/18 06:20:00  PM,7.745,,,,
9134,02/03/18 06:30:00  PM,7.745,,,,
9135,02/03/18 06:40:00  PM,7.720,,,,
9136,02/03/18 06:50:00  PM,7.720,,,,
9137,02/03/18 07:00:00  PM,7.745,,,,
9138,02/03/18 07:10:00  PM,7.720,,,,
9139,02/03/18 07:20:00  PM,7.695,,,,
9140,02/03/18 07:30:00  PM,7.720,,,,
9141,02/03/18 07:40:00  PM,7.720,,,,
9142,02/03/18 07:50:00  PM,7.720,,,,
9143,02/03/18 08:00:00  PM,7.720,,,,
9144,02/03/18 08:10:00  PM,7.720,,,,
9145,02/03/18 08:20:00  PM,7.720,,,,
9146,02/03/18 08:30:00  PM,7.720,,,,
9147,02/03/18 08:40:00  PM,7.695,,,,
9148,02/03/18 08:50:00  PM,7.695,,,,
9149,02/03/18 09:00:00  PM,7.695,,,,
9150,02/03/18 09:10:00  PM,7.695,,,,
9151,02/03/18 09:20:00  PM,7.670,,,,
9152,02/03/18 09:30:00  PM,7.670,,,,
9153,02/03/18 09:40:00  PM,7.670,,,,
9154,02/03/18 09:50:00  PM,7.670,,,,
9155,02/03/18 10:00:00  PM,7.670,,,,
9156,02/03/18 10:10:00  PM,7.670,,,,
9157,02/03/18 10:20:00  PM,7.645,,,,
9158,02/03/18 10:30:00  PM,7.645,,,,
9159,02/03/18 10:40:00  PM,7.645,,,,
9160,02/03/18 10:50:00  PM,7.670,,,,
9161,02/03/18 11:00:00  PM,7.645,,,,
9162,02/03/18 11:10:00  PM,7.645,,,,
9163,02/03/18 11:20:00  PM,7.670,,,,
9164,02/03/18 11:30:00  PM,7.645,,,,
9165,02/03/18 11:40:00  PM,7.645,,,,
9166,02/03/18 11:50:00  PM,7.645,,,,
9167,02/04/18 12:00:00  AM,7.645,,,,
9168,02/04/18 12:10:00  AM,7.670,,,,
9169,02/04/18 12:20:00  AM,7.670,,,,
9170,02/04/18 12:30:00  AM,7.645,,,,
9171,02/04/18 12:40:00  AM,7.645,,,,
9172,02/04/18 12:50:00  AM,7.645,,,,
9173,02/04/18 01:00:00  AM,7.645,,,,
9174,02/04/18 01:10:00  AM,7.645,,,,
9175,02/04/18 01:20:00  AM,7.645,,,,
9176,02/04/18 01:30:00  AM,7.670,,,,
9177,02/04/18 01:40:00  AM,7.645,,,,
9178,02/04/18 01:50:00  AM,7.670,,,,
9179,02/04/18 02:00:00  AM,7.695,,,,
9180,02/04/18 02:10:00  AM,7.695,,,,
9181,02/04/18 02:20:00  AM,7.670,,,,
9182,02/04/18 02:30:00  AM,7.695,,,,
9183,02/04/18 02:40:00  AM,7.695,,,,
9184,02/04/18 02:50:00  AM,7.695,,,,
9185,02/04/18 03:00:00  AM,7.695,,,,
9186,02/04/18 03:10:00  AM,7.695,,,,
9187,02/04/18 03:20:00  AM,7.695,,,,
9188,02/04/18 03:30:00  AM,7.695,,,,
9189,02/04/18 03:40:00  AM,7.695,,,,
9190,02/04/18 03:50:00  AM,7.695,,,,
9191,02/04/18 04:00:00  AM,7.695,,,,
9192,02/04/18 04:10:00  AM,7.670,,,,
9193,02/04/18 04:20:00  AM,7.670,,,,
9194,02/04/18 04:30:00  AM,7.670,,,,
9195,02/04/18 04:40:00  AM,7.670,,,,
9196,02/04/18 04:50:00  AM,7.670,,,,
9197,02/04/18 05:00:00  AM,7.670,,,,
9198,02/04/18 05:10:00  AM,7.670,,,,
9199,02/04/18 05:20:00  AM,7.670,,,,
9200,02/04/18 05:30:00  AM,7.670,,,,
9201,02/04/18 05:40:00  AM,7.670,,,,
9202,02/04/18 05:50:00  AM,7.670,,,,
9203,02/04/18 06:00:00  AM,7.670,,,,
9204,02/04/18 06:10:00  AM,7.670,,,,
9205,02/04/18 06:20:00  AM,7.720,,,,
9206,02/04/18 06:30:00  AM,7.720,,,,
9207,02/04/18 06:40:00  AM,7.670,,,,
9208,02/04/18 06:50:00  AM,7.720,,,,
9209,02/04/18 07:00:00  AM,7.695,,,,
9210,02/04/18 07:10:00  AM,7.695,,,,
9211,02/04/18 07:20:00  AM,7.695,,,,
9212,02/04/18 07:30:00  AM,7.695,,,,
9213,02/04/18 07:40:00  AM,7.670,,,,
9214,02/04/18 07:50:00  AM,7.670,,,,
9215,02/04/18 08:00:00  AM,7.670,,,,
9216,02/04/18 08:10:00  AM,7.670,,,,
9217,02/04/18 08:20:00  AM,7.695,,,,
9218,02/04/18 08:30:00  AM,7.670,,,,
9219,02/04/18 08:40:00  AM,7.670,,,,
9220,02/04/18 08:50:00  AM,7.670,,,,
9221,02/04/18 09:00:00  AM,7.670,,,,
9222,02/04/18 09:10:00  AM,7.670,,,,
9223,02/04/18 09:20:00  AM,7.670,,,,
9224,02/04/18 09:30:00  AM,7.670,,,,
9225,02/04/18 09:40:00  AM,7.670,,,,
9226,02/04/18 09:50:00  AM,7.645,,,,
9227,02/04/18 10:00:00  AM,7.645,,,,
9228,02/04/18 10:10:00  AM,7.645,,,,
9229,02/04/18 10:20:00  AM,7.645,,,,
9230,02/04/18 10:30:00  AM,7.645,,,,
9231,02/04/18 10:40:00  AM,7.645,,,,
9232,02/04/18 10:50:00  AM,7.645,,,,
9233,02/04/18 11:00:00  AM,7.645,,,,
9234,02/04/18 11:10:00  AM,7.645,,,,
9235,02/04/18 11:20:00  AM,7.645,,,,
9236,02/04/18 11:30:00  AM,7.670,,,,
9237,02/04/18 11:40:00  AM,7.645,,,,
9238,02/04/18 11:50:00  AM,7.645,,,,
9239,02/04/18 12:00:00  PM,7.670,,,,
9240,02/04/18 12:10:00  PM,7.670,,,,
9241,02/04/18 12:20:00  PM,7.670,,,,
9242,02/04/18 12:30:00  PM,7.670,,,,
9243,02/04/18 12:40:00  PM,7.670,,,,
9244,02/04/18 12:50:00  PM,7.670,,,,
9245,02/04/18 01:00:00  PM,7.670,,,,
9246,02/04/18 01:10:00  PM,7.645,,,,
9247,02/04/18 01:20:00  PM,7.645,,,,
9248,02/04/18 01:30:00  PM,7.645,,,,
9249,02/04/18 01:40:00  PM,7.645,,,,
9250,02/04/18 01:50:00  PM,7.645,,,,
9251,02/04/18 02:00:00  PM,7.645,,,,
9252,02/04/18 02:10:00  PM,7.670,,,,
9253,02/04/18 02:20:00  PM,7.670,,,,
9254,02/04/18 02:30:00  PM,7.670,,,,
9255,02/04/18 02:40:00  PM,7.670,,,,
9256,02/04/18 02:50:00  PM,7.670,,,,
9257,02/04/18 03:00:00  PM,7.670,,,,
9258,02/04/18 03:10:00  PM,7.670,,,,
9259,02/04/18 03:20:00  PM,7.670,,,,
9260,02/04/18 03:30:00  PM,7.670,,,,
9261,02/04/18 03:40:00  PM,7.670,,,,
9262,02/04/18 03:50:00  PM,7.645,,,,
9263,02/04/18 04:00:00  PM,7.670,,,,
9264,02/04/18 04:10:00  PM,7.670,,,,
9265,02/04/18 04:20:00  PM,7.670,,,,
9266,02/04/18 04:30:00  PM,7.670,,,,
9267,02/04/18 04:40:00  PM,7.645,,,,
9268,02/04/18 04:50:00  PM,7.670,,,,
9269,02/04/18 05:00:00  PM,7.619,,,,
9270,02/04/18 05:10:00  PM,7.619,,,,
9271,02/04/18 05:20:00  PM,7.619,,,,
9272,02/04/18 05:30:00  PM,7.619,,,,
9273,02/04/18 05:40:00  PM,7.645,,,,
9274,02/04/18 05:50:00  PM,7.645,,,,
9275,02/04/18 06:00:00  PM,7.645,,,,
9276,02/04/18 06:10:00  PM,7.619,,,,
9277,02/04/18 06:20:00  PM,7.619,,,,
9278,02/04/18 06:30:00  PM,7.645,,,,
9279,02/04/18 06:40:00  PM,7.645,,,,
9280,02/04/18 06:50:00  PM,7.695,,,,
9281,02/04/18 07:00:00  PM,7.695,,,,
9282,02/04/18 07:10:00  PM,7.720,,,,
9283,02/04/18 07:20:00  PM,7.720,,,,
9284,02/04/18 07:30:00  PM,7.720,,,,
9285,02/04/18 07:40:00  PM,7.720,,,,
9286,02/04/18 07:50:00  PM,7.720,,,,
9287,02/04/18 08:00:00  PM,7.720,,,,
9288,02/04/18 08:10:00  PM,7.720,,,,
9289,02/04/18 08:20:00  PM,7.720,,,,
9290,02/04/18 08:30:00  PM,7.720,,,,
9291,02/04/18 08:40:00  PM,7.720,,,,
9292,02/04/18 08:50:00  PM,7.720,,,,
9293,02/04/18 09:00:00  PM,7.720,,,,
9294,02/04/18 09:10:00  PM,7.695,,,,
9295,02/04/18 09:20:00  PM,7.695,,,,
9296,02/04/18 09:30:00  PM,7.695,,,,
9297,02/04/18 09:40:00  PM,7.670,,,,
9298,02/04/18 09:50:00  PM,7.670,,,,
9299,02/04/18 10:00:00  PM,7.670,,,,
9300,02/04/18 10:10:00  PM,7.670,,,,
9301,02/04/18 10:20:00  PM,7.670,,,,
9302,02/04/18 10:30:00  PM,7.645,,,,
9303,02/04/18 10:40:00  PM,7.645,,,,
9304,02/04/18 10:50:00  PM,7.645,,,,
9305,02/04/18 11:00:00  PM,7.645,,,,
9306,02/04/18 11:10:00  PM,7.645,,,,
9307,02/04/18 11:20:00  PM,7.645,,,,
9308,02/04/18 11:30:00  PM,7.645,,,,
9309,02/04/18 11:40:00  PM,7.645,,,,
9310,02/04/18 11:50:00  PM,7.645,,,,
9311,02/05/18 12:00:00  AM,7.645,,,,
9312,02/05/18 12:10:00  AM,7.645,,,,
9313,02/05/18 12:20:00  AM,7.645,,,,
9314,02/05/18 12:30:00  AM,7.645,,,,
9315,02/05/18 12:40:00  AM,7.645,,,,
9316,02/05/18 12:50:00  AM,7.645,,,,
9317,02/05/18 01:00:00  AM,7.619,,,,
9318,02/05/18 01:10:00  AM,7.645,,,,
9319,02/05/18 01:20:00  AM,7.619,,,,
9320,02/05/18 01:30:00  AM,7.645,,,,
9321,02/05/18 01:40:00  AM,7.645,,,,
9322,02/05/18 01:50:00  AM,7.645,,,,
9323,02/05/18 02:00:00  AM,7.645,,,,
9324,02/05/18 02:10:00  AM,7.645,,,,
9325,02/05/18 02:20:00  AM,7.645,,,,
9326,02/05/18 02:30:00  AM,7.645,,,,
9327,02/05/18 02:40:00  AM,7.645,,,,
9328,02/05/18 02:50:00  AM,7.645,,,,
9329,02/05/18 03:00:00  AM,7.645,,,,
9330,02/05/18 03:10:00  AM,7.645,,,,
9331,02/05/18 03:20:00  AM,7.670,,,,
9332,02/05/18 03:30:00  AM,7.695,,,,
9333,02/05/18 03:40:00  AM,7.720,,,,
9334,02/05/18 03:50:00  AM,7.695,,,,
9335,02/05/18 04:00:00  AM,7.720,,,,
9336,02/05/18 04:10:00  AM,7.695,,,,
9337,02/05/18 04:20:00  AM,7.670,,,,
9338,02/05/18 04:30:00  AM,7.695,,,,
9339,02/05/18 04:40:00  AM,7.670,,,,
9340,02/05/18 04:50:00  AM,7.670,,,,
9341,02/05/18 05:00:00  AM,7.670,,,,
9342,02/05/18 05:10:00  AM,7.670,,,,
9343,02/05/18 05:20:00  AM,7.670,,,,
9344,02/05/18 05:30:00  AM,7.645,,,,
9345,02/05/18 05:40:00  AM,7.645,,,,
9346,02/05/18 05:50:00  AM,7.645,,,,
9347,02/05/18 06:00:00  AM,7.645,,,,
9348,02/05/18 06:10:00  AM,7.645,,,,
9349,02/05/18 06:20:00  AM,7.645,,,,
9350,02/05/18 06:30:00  AM,7.645,,,,
9351,02/05/18 06:40:00  AM,7.645,,,,
9352,02/05/18 06:50:00  AM,7.645,,,,
9353,02/05/18 07:00:00  AM,7.619,,,,
9354,02/05/18 07:10:00  AM,7.670,,,,
9355,02/05/18 07:20:00  AM,7.670,,,,
9356,02/05/18 07:30:00  AM,7.670,,,,
9357,02/05/18 07:40:00  AM,7.695,,,,
9358,02/05/18 07:50:00  AM,7.695,,,,
9359,02/05/18 08:00:00  AM,7.695,,,,
9360,02/05/18 08:10:00  AM,7.695,,,,
9361,02/05/18 08:20:00  AM,7.695,,,,
9362,02/05/18 08:30:00  AM,7.695,,,,
9363,02/05/18 08:40:00  AM,7.670,,,,
9364,02/05/18 08:50:00  AM,7.670,,,,
9365,02/05/18 09:00:00  AM,7.645,,,,
9366,02/05/18 09:10:00  AM,7.670,,,,
9367,02/05/18 09:20:00  AM,7.645,,,,
9368,02/05/18 09:30:00  AM,7.645,,,,
9369,02/05/18 09:40:00  AM,7.645,,,,
9370,02/05/18 09:50:00  AM,7.645,,,,
9371,02/05/18 10:00:00  AM,7.645,,,,
9372,02/05/18 10:10:00  AM,7.645,,,,
9373,02/05/18 10:20:00  AM,7.645,,,,
9374,02/05/18 10:30:00  AM,7.645,,,,
9375,02/05/18 10:40:00  AM,7.645,,,,
9376,02/05/18 10:50:00  AM,7.645,,,,
9377,02/05/18 11:00:00  AM,7.645,,,,
9378,02/05/18 11:10:00  AM,7.645,,,,
9379,02/05/18 11:20:00  AM,7.645,,,,
9380,02/05/18 11:30:00  AM,7.670,,,,
9381,02/05/18 11:40:00  AM,7.645,,,,
9382,02/05/18 11:50:00  AM,7.670,,,,
9383,02/05/18 12:00:00  PM,7.670,,,,
9384,02/05/18 12:10:00  PM,7.670,,,,
9385,02/05/18 12:20:00  PM,7.670,,,,
9386,02/05/18 12:30:00  PM,7.645,,,,
9387,02/05/18 12:40:00  PM,7.645,,,,
9388,02/05/18 12:50:00  PM,7.645,,,,
9389,02/05/18 01:00:00  PM,7.645,,,,
9390,02/05/18 01:10:00  PM,7.645,,,,
9391,02/05/18 01:20:00  PM,7.645,,,,
9392,02/05/18 01:30:00  PM,7.645,,,,
9393,02/05/18 01:40:00  PM,7.645,,,,
9394,02/05/18 01:50:00  PM,7.645,,,,
9395,02/05/18 02:00:00  PM,7.645,,,,
9396,02/05/18 02:10:00  PM,7.619,,,,
9397,02/05/18 02:20:00  PM,7.619,,,,
9398,02/05/18 02:30:00  PM,7.645,,,,
9399,02/05/18 02:40:00  PM,7.645,,,,
9400,02/05/18 02:50:00  PM,7.645,,,,
9401,02/05/18 03:00:00  PM,7.645,,,,
9402,02/05/18 03:10:00  PM,7.645,,,,
9403,02/05/18 03:20:00  PM,7.670,,,,
9404,02/05/18 03:30:00  PM,7.670,,,,
9405,02/05/18 03:40:00  PM,7.645,,,,
9406,02/05/18 03:50:00  PM,7.670,,,,
9407,02/05/18 04:00:00  PM,7.670,,,,
9408,02/05/18 04:10:00  PM,7.645,,,,
9409,02/05/18 04:20:00  PM,7.645,,,,
9410,02/05/18 04:30:00  PM,7.645,,,,
9411,02/05/18 04:40:00  PM,7.670,,,,
9412,02/05/18 04:50:00  PM,7.645,,,,
9413,02/05/18 05:00:00  PM,7.645,,,,
9414,02/05/18 05:10:00  PM,7.645,,,,
9415,02/05/18 05:20:00  PM,7.645,,,,
9416,02/05/18 05:30:00  PM,7.645,,,,
9417,02/05/18 05:40:00  PM,7.645,,,,
9418,02/05/18 05:50:00  PM,7.645,,,,
9419,02/05/18 06:00:00  PM,7.645,,,,
9420,02/05/18 06:10:00  PM,7.645,,,,
9421,02/05/18 06:20:00  PM,7.645,,,,
9422,02/05/18 06:30:00  PM,7.645,,,,
9423,02/05/18 06:40:00  PM,7.645,,,,
9424,02/05/18 06:50:00  PM,7.645,,,,
9425,02/05/18 07:00:00  PM,7.645,,,,
9426,02/05/18 07:10:00  PM,7.645,,,,
9427,02/05/18 07:20:00  PM,7.645,,,,
9428,02/05/18 07:30:00  PM,7.645,,,,
9429,02/05/18 07:40:00  PM,7.645,,,,
9430,02/05/18 07:50:00  PM,7.645,,,,
9431,02/05/18 08:00:00  PM,7.645,,,,
9432,02/05/18 08:10:00  PM,7.645,,,,
9433,02/05/18 08:20:00  PM,7.645,,,,
9434,02/05/18 08:30:00  PM,7.645,,,,
9435,02/05/18 08:40:00  PM,7.645,,,,
9436,02/05/18 08:50:00  PM,7.645,,,,
9437,02/05/18 09:00:00  PM,7.645,,,,
9438,02/05/18 09:10:00  PM,7.645,,,,
9439,02/05/18 09:20:00  PM,7.645,,,,
9440,02/05/18 09:30:00  PM,7.645,,,,
9441,02/05/18 09:40:00  PM,7.645,,,,
9442,02/05/18 09:50:00  PM,7.645,,,,
9443,02/05/18 10:00:00  PM,7.645,,,,
9444,02/05/18 10:10:00  PM,7.645,,,,
9445,02/05/18 10:20:00  PM,7.645,,,,
9446,02/05/18 10:30:00  PM,7.645,,,,
9447,02/05/18 10:40:00  PM,7.645,,,,
9448,02/05/18 10:50:00  PM,7.645,,,,
9449,02/05/18 11:00:00  PM,7.645,,,,
9450,02/05/18 11:10:00  PM,7.645,,,,
9451,02/05/18 11:20:00  PM,7.645,,,,
9452,02/05/18 11:30:00  PM,7.645,,,,
9453,02/05/18 11:40:00  PM,7.645,,,,
9454,02/05/18 11:50:00  PM,7.645,,,,
9455,02/06/18 12:00:00  AM,7.645,,,,
9456,02/06/18 12:10:00  AM,7.645,,,,
9457,02/06/18 12:20:00  AM,7.645,,,,
9458,02/06/18 12:30:00  AM,7.645,,,,
9459,02/06/18 12:40:00  AM,7.645,,,,
9460,02/06/18 12:50:00  AM,7.645,,,,
9461,02/06/18 01:00:00  AM,7.645,,,,
9462,02/06/18 01:10:00  AM,7.645,,,,
9463,02/06/18 01:20:00  AM,7.645,,,,
9464,02/06/18 01:30:00  AM,7.645,,,,
9465,02/06/18 01:40:00  AM,7.645,,,,
9466,02/06/18 01:50:00  AM,7.645,,,,
9467,02/06/18 02:00:00  AM,7.645,,,,
9468,02/06/18 02:10:00  AM,7.645,,,,
9469,02/06/18 02:20:00  AM,7.645,,,,
9470,02/06/18 02:30:00  AM,7.645,,,,
9471,02/06/18 02:40:00  AM,7.619,,,,
9472,02/06/18 02:50:00  AM,7.619,,,,
9473,02/06/18 03:00:00  AM,7.619,,,,
9474,02/06/18 03:10:00  AM,7.619,,,,
9475,02/06/18 03:20:00  AM,7.619,,,,
9476,02/06/18 03:30:00  AM,7.619,,,,
9477,02/06/18 03:40:00  AM,7.645,,,,
9478,02/06/18 03:50:00  AM,7.645,,,,
9479,02/06/18 04:00:00  AM,7.645,,,,
9480,02/06/18 04:10:00  AM,7.645,,,,
9481,02/06/18 04:20:00  AM,7.645,,,,
9482,02/06/18 04:30:00  AM,7.645,,,,
9483,02/06/18 04:40:00  AM,7.645,,,,
9484,02/06/18 04:50:00  AM,7.645,,,,
9485,02/06/18 05:00:00  AM,7.645,,,,
9486,02/06/18 05:10:00  AM,7.645,,,,
9487,02/06/18 05:20:00  AM,7.645,,,,
9488,02/06/18 05:30:00  AM,7.645,,,,
9489,02/06/18 05:40:00  AM,7.645,,,,
9490,02/06/18 05:50:00  AM,7.645,,,,
9491,02/06/18 06:00:00  AM,7.645,,,,
9492,02/06/18 06:10:00  AM,7.645,,,,
9493,02/06/18 06:20:00  AM,7.645,,,,
9494,02/06/18 06:30:00  AM,7.645,,,,
9495,02/06/18 06:40:00  AM,7.645,,,,
9496,02/06/18 06:50:00  AM,7.645,,,,
9497,02/06/18 07:00:00  AM,7.645,,,,
9498,02/06/18 07:10:00  AM,7.645,,,,
9499,02/06/18 07:20:00  AM,7.645,,,,
9500,02/06/18 07:30:00  AM,7.645,,,,
9501,02/06/18 07:40:00  AM,7.645,,,,
9502,02/06/18 07:50:00  AM,7.645,,,,
9503,02/06/18 08:00:00  AM,7.645,,,,
9504,02/06/18 08:10:00  AM,7.645,,,,
9505,02/06/18 08:20:00  AM,7.645,,,,
9506,02/06/18 08:30:00  AM,7.645,,,,
9507,02/06/18 08:40:00  AM,7.645,,,,
9508,02/06/18 08:50:00  AM,7.645,,,,
9509,02/06/18 09:00:00  AM,7.645,,,,
9510,02/06/18 09:10:00  AM,7.645,,,,
9511,02/06/18 09:20:00  AM,7.645,,,,
9512,02/06/18 09:30:00  AM,7.645,,,,
9513,02/06/18 09:40:00  AM,7.645,,,,
9514,02/06/18 09:50:00  AM,7.645,,,,
9515,02/06/18 10:00:00  AM,7.645,,,,
9516,02/06/18 10:10:00  AM,7.645,,,,
9517,02/06/18 10:20:00  AM,7.645,,,,
9518,02/06/18 10:30:00  AM,7.645,,,,
9519,02/06/18 10:40:00  AM,7.645,,,,
9520,02/06/18 10:50:00  AM,7.645,,,,
9521,02/06/18 11:00:00  AM,7.645,,,,
9522,02/06/18 11:10:00  AM,7.645,,,,
9523,02/06/18 11:20:00  AM,7.645,,,,
9524,02/06/18 11:30:00  AM,7.645,,,,
9525,02/06/18 11:40:00  AM,7.645,,,,
9526,02/06/18 11:50:00  AM,7.645,,,,
9527,02/06/18 12:00:00  PM,7.645,,,,
9528,02/06/18 12:10:00  PM,7.645,,,,
9529,02/06/18 12:20:00  PM,7.645,,,,
9530,02/06/18 12:30:00  PM,7.645,,,,
9531,02/06/18 12:40:00  PM,7.645,,,,
9532,02/06/18 12:50:00  PM,7.645,,,,
9533,02/06/18 01:00:00  PM,7.645,,,,
9534,02/06/18 01:10:00  PM,7.645,,,,
9535,02/06/18 01:20:00  PM,7.645,,,,
9536,02/06/18 01:30:00  PM,7.645,,,,
9537,02/06/18 01:40:00  PM,7.645,,,,
9538,02/06/18 01:50:00  PM,7.645,,,,
9539,02/06/18 02:00:00  PM,7.645,,,,
9540,02/06/18 02:10:00  PM,7.645,,,,
9541,02/06/18 02:20:00  PM,7.645,,,,
9542,02/06/18 02:30:00  PM,7.645,,,,
9543,02/06/18 02:40:00  PM,7.645,,,,
9544,02/06/18 02:50:00  PM,7.645,,,,
9545,02/06/18 03:00:00  PM,7.645,,,,
9546,02/06/18 03:10:00  PM,7.645,,,,
9547,02/06/18 03:20:00  PM,7.645,,,,
9548,02/06/18 03:30:00  PM,7.645,,,,
9549,02/06/18 03:40:00  PM,7.645,,,,
9550,02/06/18 03:50:00  PM,7.645,,,,
9551,02/06/18 04:00:00  PM,7.645,,,,
9552,02/06/18 04:10:00  PM,7.645,,,,
9553,02/06/18 04:20:00  PM,7.645,,,,
9554,02/06/18 04:30:00  PM,7.645,,,,
9555,02/06/18 04:40:00  PM,7.645,,,,
9556,02/06/18 04:50:00  PM,7.645,,,,
9557,02/06/18 05:00:00  PM,7.645,,,,
9558,02/06/18 05:10:00  PM,7.645,,,,
9559,02/06/18 05:20:00  PM,7.645,,,,
9560,02/06/18 05:30:00  PM,7.645,,,,
9561,02/06/18 05:40:00  PM,7.645,,,,
9562,02/06/18 05:50:00  PM,7.645,,,,
9563,02/06/18 06:00:00  PM,7.645,,,,
9564,02/06/18 06:10:00  PM,7.645,,,,
9565,02/06/18 06:20:00  PM,7.645,,,,
9566,02/06/18 06:30:00  PM,7.645,,,,
9567,02/06/18 06:40:00  PM,7.645,,,,
9568,02/06/18 06:50:00  PM,7.670,,,,
9569,02/06/18 07:00:00  PM,7.670,,,,
9570,02/06/18 07:10:00  PM,7.670,,,,
9571,02/06/18 07:20:00  PM,7.670,,,,
9572,02/06/18 07:30:00  PM,7.670,,,,
9573,02/06/18 07:40:00  PM,7.670,,,,
9574,02/06/18 07:50:00  PM,7.670,,,,
9575,02/06/18 08:00:00  PM,7.670,,,,
9576,02/06/18 08:10:00  PM,7.670,,,,
9577,02/06/18 08:20:00  PM,7.670,,,,
9578,02/06/18 08:30:00  PM,7.670,,,,
9579,02/06/18 08:40:00  PM,7.670,,,,
9580,02/06/18 08:50:00  PM,7.670,,,,
9581,02/06/18 09:00:00  PM,7.670,,,,
9582,02/06/18 09:10:00  PM,7.670,,,,
9583,02/06/18 09:20:00  PM,7.670,,,,
9584,02/06/18 09:30:00  PM,7.670,,,,
9585,02/06/18 09:40:00  PM,7.670,,,,
9586,02/06/18 09:50:00  PM,7.670,,,,
9587,02/06/18 10:00:00  PM,7.670,,,,
9588,02/06/18 10:10:00  PM,7.670,,,,
9589,02/06/18 10:20:00  PM,7.670,,,,
9590,02/06/18 10:30:00  PM,7.670,,,,
9591,02/06/18 10:40:00  PM,7.670,,,,
9592,02/06/18 10:50:00  PM,7.670,,,,
9593,02/06/18 11:00:00  PM,7.670,,,,
9594,02/06/18 11:10:00  PM,7.670,,,,
9595,02/06/18 11:20:00  PM,7.670,,,,
9596,02/06/18 11:30:00  PM,7.670,,,,
9597,02/06/18 11:40:00  PM,7.670,,,,
9598,02/06/18 11:50:00  PM,7.645,,,,
9599,02/07/18 12:00:00  AM,7.645,,,,
9600,02/07/18 12:10:00  AM,7.645,,,,
9601,02/07/18 12:20:00  AM,7.670,,,,
9602,02/07/18 12:30:00  AM,7.670,,,,
9603,02/07/18 12:40:00  AM,7.670,,,,
9604,02/07/18 12:50:00  AM,7.670,,,,
9605,02/07/18 01:00:00  AM,7.670,,,,
9606,02/07/18 01:10:00  AM,7.645,,,,
9607,02/07/18 01:20:00  AM,7.645,,,,
9608,02/07/18 01:30:00  AM,7.645,,,,
9609,02/07/18 01:40:00  AM,7.645,,,,
9610,02/07/18 01:50:00  AM,7.645,,,,
9611,02/07/18 02:00:00  AM,7.645,,,,
9612,02/07/18 02:10:00  AM,7.645,,,,
9613,02/07/18 02:20:00  AM,7.645,,,,
9614,02/07/18 02:30:00  AM,7.645,,,,
9615,02/07/18 02:40:00  AM,7.645,,,,
9616,02/07/18 02:50:00  AM,7.645,,,,
9617,02/07/18 03:00:00  AM,7.645,,,,
9618,02/07/18 03:10:00  AM,7.645,,,,
9619,02/07/18 03:20:00  AM,7.645,,,,
9620,02/07/18 03:30:00  AM,7.645,,,,
9621,02/07/18 03:40:00  AM,7.645,,,,
9622,02/07/18 03:50:00  AM,7.645,,,,
9623,02/07/18 04:00:00  AM,7.645,,,,
9624,02/07/18 04:10:00  AM,7.645,,,,
9625,02/07/18 04:20:00  AM,7.645,,,,
9626,02/07/18 04:30:00  AM,7.645,,,,
9627,02/07/18 04:40:00  AM,7.645,,,,
9628,02/07/18 04:50:00  AM,7.645,,,,
9629,02/07/18 05:00:00  AM,7.645,,,,
9630,02/07/18 05:10:00  AM,7.645,,,,
9631,02/07/18 05:20:00  AM,7.645,,,,
9632,02/07/18 05:30:00  AM,7.645,,,,
9633,02/07/18 05:40:00  AM,7.645,,,,
9634,02/07/18 05:50:00  AM,7.645,,,,
9635,02/07/18 06:00:00  AM,7.645,,,,
9636,02/07/18 06:10:00  AM,7.645,,,,
9637,02/07/18 06:20:00  AM,7.645,,,,
9638,02/07/18 06:30:00  AM,7.645,,,,
9639,02/07/18 06:40:00  AM,7.645,,,,
9640,02/07/18 06:50:00  AM,7.645,,,,
9641,02/07/18 07:00:00  AM,7.645,,,,
9642,02/07/18 07:10:00  AM,7.645,,,,
9643,02/07/18 07:20:00  AM,7.645,,,,
9644,02/07/18 07:30:00  AM,7.645,,,,
9645,02/07/18 07:40:00  AM,7.645,,,,
9646,02/07/18 07:50:00  AM,7.645,,,,
9647,02/07/18 08:00:00  AM,7.645,,,,
9648,02/07/18 08:10:00  AM,7.645,,,,
9649,02/07/18 08:20:00  AM,7.645,,,,
9650,02/07/18 08:30:00  AM,7.645,,,,
9651,02/07/18 08:40:00  AM,7.645,,,,
9652,02/07/18 08:50:00  AM,7.645,,,,
9653,02/07/18 09:00:00  AM,7.645,,,,
9654,02/07/18 09:10:00  AM,7.645,,,,
9655,02/07/18 09:20:00  AM,7.645,,,,
9656,02/07/18 09:30:00  AM,7.645,,,,
9657,02/07/18 09:40:00  AM,7.645,,,,
9658,02/07/18 09:50:00  AM,7.645,,,,
9659,02/07/18 10:00:00  AM,7.645,,,,
9660,02/07/18 10:10:00  AM,7.645,,,,
9661,02/07/18 10:20:00  AM,7.645,,,,
9662,02/07/18 10:30:00  AM,7.645,,,,
9663,02/07/18 10:40:00  AM,7.645,,,,
9664,02/07/18 10:50:00  AM,7.645,,,,
9665,02/07/18 11:00:00  AM,7.645,,,,
9666,02/07/18 11:10:00  AM,7.645,,,,
9667,02/07/18 11:20:00  AM,7.645,,,,
9668,02/07/18 11:30:00  AM,7.645,,,,
9669,02/07/18 11:40:00  AM,7.645,,,,
9670,02/07/18 11:50:00  AM,7.645,,,,
9671,02/07/18 12:00:00  PM,7.645,,,,
9672,02/07/18 12:10:00  PM,7.645,,,,
9673,02/07/18 12:20:00  PM,7.645,,,,
9674,02/07/18 12:30:00  PM,7.645,,,,
9675,02/07/18 12:40:00  PM,7.645,,,,
9676,02/07/18 12:50:00  PM,7.645,,,,
9677,02/07/18 01:00:00  PM,7.645,,,,
9678,02/07/18 01:10:00  PM,7.645,,,,
9679,02/07/18 01:20:00  PM,7.645,,,,
9680,02/07/18 01:30:00  PM,7.645,,,,
9681,02/07/18 01:40:00  PM,7.645,,,,
9682,02/07/18 01:50:00  PM,7.645,,,,
9683,02/07/18 02:00:00  PM,7.645,,,,
9684,02/07/18 02:10:00  PM,7.645,,,,
9685,02/07/18 02:20:00  PM,7.645,,,,
9686,02/07/18 02:30:00  PM,7.645,,,,
9687,02/07/18 02:40:00  PM,7.645,,,,
9688,02/07/18 02:50:00  PM,7.645,,,,
9689,02/07/18 03:00:00  PM,7.645,,,,
9690,02/07/18 03:10:00  PM,7.645,,,,
9691,02/07/18 03:20:00  PM,7.645,,,,
9692,02/07/18 03:30:00  PM,7.619,,,,
9693,02/07/18 03:40:00  PM,7.645,,,,
9694,02/07/18 03:50:00  PM,7.645,,,,
9695,02/07/18 04:00:00  PM,7.645,,,,
9696,02/07/18 04:10:00  PM,7.645,,,,
9697,02/07/18 04:20:00  PM,7.645,,,,
9698,02/07/18 04:30:00  PM,7.645,,,,
9699,02/07/18 04:40:00  PM,7.645,,,,
9700,02/07/18 04:50:00  PM,7.645,,,,
9701,02/07/18 05:00:00  PM,7.645,,,,
9702,02/07/18 05:10:00  PM,7.645,,,,
9703,02/07/18 05:20:00  PM,7.645,,,,
9704,02/07/18 05:30:00  PM,7.645,,,,
9705,02/07/18 05:40:00  PM,7.645,,,,
9706,02/07/18 05:50:00  PM,7.645,,,,
9707,02/07/18 06:00:00  PM,7.645,,,,
9708,02/07/18 06:10:00  PM,7.645,,,,
9709,02/07/18 06:20:00  PM,7.645,,,,
9710,02/07/18 06:30:00  PM,7.645,,,,
9711,02/07/18 06:40:00  PM,7.645,,,,
9712,02/07/18 06:50:00  PM,7.619,,,,
9713,02/07/18 07:00:00  PM,7.619,,,,
9714,02/07/18 07:10:00  PM,7.645,,,,
9715,02/07/18 07:20:00  PM,7.645,,,,
9716,02/07/18 07:30:00  PM,7.645,,,,
9717,02/07/18 07:40:00  PM,7.645,,,,
9718,02/07/18 07:50:00  PM,7.645,,,,
9719,02/07/18 08:00:00  PM,7.645,,,,
9720,02/07/18 08:10:00  PM,7.645,,,,
9721,02/07/18 08:20:00  PM,7.645,,,,
9722,02/07/18 08:30:00  PM,7.645,,,,
9723,02/07/18 08:40:00  PM,7.645,,,,
9724,02/07/18 08:50:00  PM,7.645,,,,
9725,02/07/18 09:00:00  PM,7.645,,,,
9726,02/07/18 09:10:00  PM,7.645,,,,
9727,02/07/18 09:20:00  PM,7.645,,,,
9728,02/07/18 09:30:00  PM,7.645,,,,
9729,02/07/18 09:40:00  PM,7.670,,,,
9730,02/07/18 09:50:00  PM,7.670,,,,
9731,02/07/18 10:00:00  PM,7.670,,,,
9732,02/07/18 10:10:00  PM,7.670,,,,
9733,02/07/18 10:20:00  PM,7.670,,,,
9734,02/07/18 10:30:00  PM,7.670,,,,
9735,02/07/18 10:40:00  PM,7.670,,,,
9736,02/07/18 10:50:00  PM,7.670,,,,
9737,02/07/18 11:00:00  PM,7.670,,,,
9738,02/07/18 11:10:00  PM,7.670,,,,
9739,02/07/18 11:20:00  PM,7.670,,,,
9740,02/07/18 11:30:00  PM,7.670,,,,
9741,02/07/18 11:40:00  PM,7.670,,,,
9742,02/07/18 11:50:00  PM,7.670,,,,
9743,02/08/18 12:00:00  AM,7.670,,,,
9744,02/08/18 12:10:00  AM,7.670,,,,
9745,02/08/18 12:20:00  AM,7.670,,,,
9746,02/08/18 12:30:00  AM,7.670,,,,
9747,02/08/18 12:40:00  AM,7.670,,,,
9748,02/08/18 12:50:00  AM,7.670,,,,
9749,02/08/18 01:00:00  AM,7.645,,,,
9750,02/08/18 01:10:00  AM,7.670,,,,
9751,02/08/18 01:20:00  AM,7.645,,,,
9752,02/08/18 01:30:00  AM,7.645,,,,
9753,02/08/18 01:40:00  AM,7.645,,,,
9754,02/08/18 01:50:00  AM,7.645,,,,
9755,02/08/18 02:00:00  AM,7.645,,,,
9756,02/08/18 02:10:00  AM,7.645,,,,
9757,02/08/18 02:20:00  AM,7.670,,,,
9758,02/08/18 02:30:00  AM,7.670,,,,
9759,02/08/18 02:40:00  AM,7.670,,,,
9760,02/08/18 02:50:00  AM,7.670,,,,
9761,02/08/18 03:00:00  AM,7.670,,,,
9762,02/08/18 03:10:00  AM,7.645,,,,
9763,02/08/18 03:20:00  AM,7.670,,,,
9764,02/08/18 03:30:00  AM,7.670,,,,
9765,02/08/18 03:40:00  AM,7.645,,,,
9766,02/08/18 03:50:00  AM,7.670,,,,
9767,02/08/18 04:00:00  AM,7.645,,,,
9768,02/08/18 04:10:00  AM,7.645,,,,
9769,02/08/18 04:20:00  AM,7.645,,,,
9770,02/08/18 04:30:00  AM,7.645,,,,
9771,02/08/18 04:40:00  AM,7.645,,,,
9772,02/08/18 04:50:00  AM,7.645,,,,
9773,02/08/18 05:00:00  AM,7.645,,,,
9774,02/08/18 05:10:00  AM,7.645,,,,
9775,02/08/18 05:20:00  AM,7.645,,,,
9776,02/08/18 05:30:00  AM,7.645,,,,
9777,02/08/18 05:40:00  AM,7.645,,,,
9778,02/08/18 05:50:00  AM,7.645,,,,
9779,02/08/18 06:00:00  AM,7.645,,,,
9780,02/08/18 06:10:00  AM,7.645,,,,
9781,02/08/18 06:20:00  AM,7.645,,,,
9782,02/08/18 06:30:00  AM,7.645,,,,
9783,02/08/18 06:40:00  AM,7.645,,,,
9784,02/08/18 06:50:00  AM,7.645,,,,
9785,02/08/18 07:00:00  AM,7.645,,,,
9786,02/08/18 07:10:00  AM,7.645,,,,
9787,02/08/18 07:20:00  AM,7.645,,,,
9788,02/08/18 07:30:00  AM,7.645,,,,
9789,02/08/18 07:40:00  AM,7.645,,,,
9790,02/08/18 07:50:00  AM,7.645,,,,
9791,02/08/18 08:00:00  AM,7.645,,,,
9792,02/08/18 08:10:00  AM,7.645,,,,
9793,02/08/18 08:20:00  AM,7.645,,,,
9794,02/08/18 08:30:00  AM,7.645,,,,
9795,02/08/18 08:40:00  AM,7.645,,,,
9796,02/08/18 08:50:00  AM,7.645,,,,
9797,02/08/18 09:00:00  AM,7.645,,,,
9798,02/08/18 09:10:00  AM,7.645,,,,
9799,02/08/18 09:20:00  AM,7.645,,,,
9800,02/08/18 09:30:00  AM,7.645,,,,
9801,02/08/18 09:40:00  AM,7.645,,,,
9802,02/08/18 09:50:00  AM,7.645,,,,
9803,02/08/18 10:00:00  AM,7.619,,,,
9804,02/08/18 10:10:00  AM,7.645,,,,
9805,02/08/18 10:20:00  AM,7.619,,,,
9806,02/08/18 10:30:00  AM,7.619,,,,
9807,02/08/18 10:40:00  AM,7.619,,,,
9808,02/08/18 10:50:00  AM,7.619,,,,
9809,02/08/18 11:00:00  AM,7.645,,,,
9810,02/08/18 11:10:00  AM,7.645,,,,
9811,02/08/18 11:20:00  AM,7.645,,,,
9812,02/08/18 11:30:00  AM,7.645,,,,
9813,02/08/18 11:40:00  AM,7.645,,,,
9814,02/08/18 11:50:00  AM,7.645,,,,
9815,02/08/18 12:00:00  PM,7.645,,,,
9816,02/08/18 12:10:00  PM,7.645,,,,
9817,02/08/18 12:20:00  PM,7.645,,,,
9818,02/08/18 12:30:00  PM,7.645,,,,
9819,02/08/18 12:40:00  PM,7.645,,,,
9820,02/08/18 12:50:00  PM,7.645,,,,
9821,02/08/18 01:00:00  PM,7.645,,,,
9822,02/08/18 01:10:00  PM,7.645,,,,
9823,02/08/18 01:20:00  PM,7.645,,,,
9824,02/08/18 01:30:00  PM,7.670,,,,
9825,02/08/18 01:40:00  PM,7.670,,,,
9826,02/08/18 01:50:00  PM,7.670,,,,
9827,02/08/18 02:00:00  PM,7.670,,,,
9828,02/08/18 02:10:00  PM,7.670,,,,
9829,02/08/18 02:20:00  PM,7.670,,,,
9830,02/08/18 02:30:00  PM,7.670,,,,
9831,02/08/18 02:40:00  PM,7.670,,,,
9832,02/08/18 02:50:00  PM,7.670,,,,
9833,02/08/18 03:00:00  PM,7.670,,,,
9834,02/08/18 03:10:00  PM,7.670,,,,
9835,02/08/18 03:20:00  PM,7.670,,,,
9836,02/08/18 03:30:00  PM,7.670,,,,
9837,02/08/18 03:40:00  PM,7.670,,,,
9838,02/08/18 03:50:00  PM,7.670,,,,
9839,02/08/18 04:00:00  PM,7.670,,,,
9840,02/08/18 04:10:00  PM,7.670,,,,
9841,02/08/18 04:20:00  PM,7.670,,,,
9842,02/08/18 04:30:00  PM,7.670,,,,
9843,02/08/18 04:40:00  PM,7.670,,,,
9844,02/08/18 04:50:00  PM,7.670,,,,
9845,02/08/18 05:00:00  PM,7.670,,,,
9846,02/08/18 05:10:00  PM,7.645,,,,
9847,02/08/18 05:20:00  PM,7.670,,,,
9848,02/08/18 05:30:00  PM,7.670,,,,
9849,02/08/18 05:40:00  PM,7.670,,,,
9850,02/08/18 05:50:00  PM,7.670,,,,
9851,02/08/18 06:00:00  PM,7.645,,,,
9852,02/08/18 06:10:00  PM,7.645,,,,
9853,02/08/18 06:20:00  PM,7.645,,,,
9854,02/08/18 06:30:00  PM,7.670,,,,
9855,02/08/18 06:40:00  PM,7.670,,,,
9856,02/08/18 06:50:00  PM,7.670,,,,
9857,02/08/18 07:00:00  PM,7.645,,,,
9858,02/08/18 07:10:00  PM,7.645,,,,
9859,02/08/18 07:20:00  PM,7.670,,,,
9860,02/08/18 07:30:00  PM,7.670,,,,
9861,02/08/18 07:40:00  PM,7.670,,,,
9862,02/08/18 07:50:00  PM,7.670,,,,
9863,02/08/18 08:00:00  PM,7.670,,,,
9864,02/08/18 08:10:00  PM,7.670,,,,
9865,02/08/18 08:20:00  PM,7.645,,,,
9866,02/08/18 08:30:00  PM,7.645,,,,
9867,02/08/18 08:40:00  PM,7.645,,,,
9868,02/08/18 08:50:00  PM,7.645,,,,
9869,02/08/18 09:00:00  PM,7.645,,,,
9870,02/08/18 09:10:00  PM,7.645,,,,
9871,02/08/18 09:20:00  PM,7.645,,,,
9872,02/08/18 09:30:00  PM,7.645,,,,
9873,02/08/18 09:40:00  PM,7.645,,,,
9874,02/08/18 09:50:00  PM,7.645,,,,
9875,02/08/18 10:00:00  PM,7.645,,,,
9876,02/08/18 10:10:00  PM,7.645,,,,
9877,02/08/18 10:20:00  PM,7.645,,,,
9878,02/08/18 10:30:00  PM,7.645,,,,
9879,02/08/18 10:40:00  PM,7.645,,,,
9880,02/08/18 10:50:00  PM,7.645,,,,
9881,02/08/18 11:00:00  PM,7.645,,,,
9882,02/08/18 11:10:00  PM,7.645,,,,
9883,02/08/18 11:20:00  PM,7.645,,,,
9884,02/08/18 11:30:00  PM,7.645,,,,
9885,02/08/18 11:40:00  PM,7.645,,,,
9886,02/08/18 11:50:00  PM,7.645,,,,
9887,02/09/18 12:00:00  AM,7.645,,,,
9888,02/09/18 12:10:00  AM,7.645,,,,
9889,02/09/18 12:20:00  AM,7.645,,,,
9890,02/09/18 12:30:00  AM,7.645,,,,
9891,02/09/18 12:40:00  AM,7.645,,,,
9892,02/09/18 12:50:00  AM,7.645,,,,
9893,02/09/18 01:00:00  AM,7.645,,,,
9894,02/09/18 01:10:00  AM,7.645,,,,
9895,02/09/18 01:20:00  AM,7.645,,,,
9896,02/09/18 01:30:00  AM,7.645,,,,
9897,02/09/18 01:40:00  AM,7.645,,,,
9898,02/09/18 01:50:00  AM,7.645,,,,
9899,02/09/18 02:00:00  AM,7.645,,,,
9900,02/09/18 02:10:00  AM,7.645,,,,
9901,02/09/18 02:20:00  AM,7.645,,,,
9902,02/09/18 02:30:00  AM,7.645,,,,
9903,02/09/18 02:40:00  AM,7.670,,,,
9904,02/09/18 02:50:00  AM,7.645,,,,
9905,02/09/18 03:00:00  AM,7.645,,,,
9906,02/09/18 03:10:00  AM,7.645,,,,
9907,02/09/18 03:20:00  AM,7.645,,,,
9908,02/09/18 03:30:00  AM,7.645,,,,
9909,02/09/18 03:40:00  AM,7.645,,,,
9910,02/09/18 03:50:00  AM,7.645,,,,
9911,02/09/18 04:00:00  AM,7.645,,,,
9912,02/09/18 04:10:00  AM,7.645,,,,
9913,02/09/18 04:20:00  AM,7.645,,,,
9914,02/09/18 04:30:00  AM,7.645,,,,
9915,02/09/18 04:40:00  AM,7.645,,,,
9916,02/09/18 04:50:00  AM,7.645,,,,
9917,02/09/18 05:00:00  AM,7.645,,,,
9918,02/09/18 05:10:00  AM,7.645,,,,
9919,02/09/18 05:20:00  AM,7.645,,,,
9920,02/09/18 05:30:00  AM,7.645,,,,
9921,02/09/18 05:40:00  AM,7.645,,,,
9922,02/09/18 05:50:00  AM,7.645,,,,
9923,02/09/18 06:00:00  AM,7.645,,,,
9924,02/09/18 06:10:00  AM,7.645,,,,
9925,02/09/18 06:20:00  AM,7.645,,,,
9926,02/09/18 06:30:00  AM,7.645,,,,
9927,02/09/18 06:40:00  AM,7.645,,,,
9928,02/09/18 06:50:00  AM,7.645,,,,
9929,02/09/18 07:00:00  AM,7.645,,,,
9930,02/09/18 07:10:00  AM,7.645,,,,
9931,02/09/18 07:20:00  AM,7.645,,,,
9932,02/09/18 07:30:00  AM,7.645,,,,
9933,02/09/18 07:40:00  AM,7.645,,,,
9934,02/09/18 07:50:00  AM,7.645,,,,
9935,02/09/18 08:00:00  AM,7.645,,,,
9936,02/09/18 08:10:00  AM,7.645,,,,
9937,02/09/18 08:20:00  AM,7.645,,,,
9938,02/09/18 08:30:00  AM,7.645,,,,
9939,02/09/18 08:40:00  AM,7.645,,,,
9940,02/09/18 08:50:00  AM,7.645,,,,
9941,02/09/18 09:00:00  AM,7.645,,,,
9942,02/09/18 09:10:00  AM,7.645,,,,
9943,02/09/18 09:20:00  AM,7.645,,,,
9944,02/09/18 09:30:00  AM,7.645,,,,
9945,02/09/18 09:40:00  AM,7.645,,,,
9946,02/09/18 09:50:00  AM,7.645,,,,
9947,02/09/18 10:00:00  AM,7.645,,,,
9948,02/09/18 10:10:00  AM,7.645,,,,
9949,02/09/18 10:20:00  AM,7.645,,,,
9950,02/09/18 10:30:00  AM,7.645,,,,
9951,02/09/18 10:40:00  AM,7.645,,,,
9952,02/09/18 10:50:00  AM,7.645,,,,
9953,02/09/18 11:00:00  AM,7.645,,,,
9954,02/09/18 11:10:00  AM,7.645,,,,
9955,02/09/18 11:20:00  AM,7.645,,,,
9956,02/09/18 11:30:00  AM,7.645,,,,
9957,02/09/18 11:40:00  AM,7.645,,,,
9958,02/09/18 11:50:00  AM,7.645,,,,
9959,02/09/18 12:00:00  PM,7.645,,,,
9960,02/09/18 12:10:00  PM,7.645,,,,
9961,02/09/18 12:20:00  PM,7.645,,,,
9962,02/09/18 12:30:00  PM,7.645,,,,
9963,02/09/18 12:40:00  PM,7.645,,,,
9964,02/09/18 12:50:00  PM,7.645,,,,
9965,02/09/18 01:00:00  PM,7.645,,,,
9966,02/09/18 01:10:00  PM,7.645,,,,
9967,02/09/18 01:20:00  PM,7.645,,,,
9968,02/09/18 01:30:00  PM,7.645,,,,
9969,02/09/18 01:40:00  PM,7.645,,,,
9970,02/09/18 01:50:00  PM,7.645,,,,
9971,02/09/18 02:00:00  PM,7.645,,,,
9972,02/09/18 02:10:00  PM,7.645,,,,
9973,02/09/18 02:20:00  PM,7.645,,,,
9974,02/09/18 02:30:00  PM,7.645,,,,
9975,02/09/18 02:40:00  PM,7.645,,,,
9976,02/09/18 02:50:00  PM,7.645,,,,
9977,02/09/18 03:00:00  PM,7.645,,,,
9978,02/09/18 03:10:00  PM,7.645,,,,
9979,02/09/18 03:20:00  PM,7.645,,,,
9980,02/09/18 03:30:00  PM,7.645,,,,
9981,02/09/18 03:40:00  PM,7.645,,,,
9982,02/09/18 03:50:00  PM,7.645,,,,
9983,02/09/18 04:00:00  PM,7.645,,,,
9984,02/09/18 04:10:00  PM,7.645,,,,
9985,02/09/18 04:20:00  PM,7.645,,,,
9986,02/09/18 04:30:00  PM,7.645,,,,
9987,02/09/18 04:40:00  PM,7.645,,,,
9988,02/09/18 04:50:00  PM,7.645,,,,
9989,02/09/18 05:00:00  PM,7.645,,,,
9990,02/09/18 05:10:00  PM,7.645,,,,
9991,02/09/18 05:20:00  PM,7.645,,,,
9992,02/09/18 05:30:00  PM,7.645,,,,
9993,02/09/18 05:40:00  PM,7.645,,,,
9994,02/09/18 05:50:00  PM,7.645,,,,
9995,02/09/18 06:00:00  PM,7.645,,,,
9996,02/09/18 06:10:00  PM,7.645,,,,
9997,02/09/18 06:20:00  PM,7.645,,,,
9998,02/09/18 06:30:00  PM,7.645,,,,
9999,02/09/18 06:40:00  PM,7.645,,,,
10000,02/09/18 06:50:00  PM,7.645,,,,
10001,02/09/18 07:00:00  PM,7.645,,,,
10002,02/09/18 07:10:00  PM,7.645,,,,
10003,02/09/18 07:20:00  PM,7.645,,,,
10004,02/09/18 07:30:00  PM,7.645,,,,
10005,02/09/18 07:40:00  PM,7.645,,,,
10006,02/09/18 07:50:00  PM,7.645,,,,
10007,02/09/18 08:00:00  PM,7.645,,,,
10008,02/09/18 08:10:00  PM,7.645,,,,
10009,02/09/18 08:20:00  PM,7.645,,,,
10010,02/09/18 08:30:00  PM,7.619,,,,
10011,02/09/18 08:40:00  PM,7.619,,,,
10012,02/09/18 08:50:00  PM,7.619,,,,
10013,02/09/18 09:00:00  PM,7.645,,,,
10014,02/09/18 09:10:00  PM,7.645,,,,
10015,02/09/18 09:20:00  PM,7.645,,,,
10016,02/09/18 09:30:00  PM,7.645,,,,
10017,02/09/18 09:40:00  PM,7.645,,,,
10018,02/09/18 09:50:00  PM,7.645,,,,
10019,02/09/18 10:00:00  PM,7.645,,,,
10020,02/09/18 10:10:00  PM,7.619,,,,
10021,02/09/18 10:20:00  PM,7.619,,,,
10022,02/09/18 10:30:00  PM,7.619,,,,
10023,02/09/18 10:40:00  PM,7.619,,,,
10024,02/09/18 10:50:00  PM,7.619,,,,
10025,02/09/18 11:00:00  PM,7.619,,,,
10026,02/09/18 11:10:00  PM,7.619,,,,
10027,02/09/18 11:20:00  PM,7.619,,,,
10028,02/09/18 11:30:00  PM,7.619,,,,
10029,02/09/18 11:40:00  PM,7.645,,,,
10030,02/09/18 11:50:00  PM,7.645,,,,
10031,02/10/18 12:00:00  AM,7.645,,,,
10032,02/10/18 12:10:00  AM,7.645,,,,
10033,02/10/18 12:20:00  AM,7.645,,,,
10034,02/10/18 12:30:00  AM,7.645,,,,
10035,02/10/18 12:40:00  AM,7.645,,,,
10036,02/10/18 12:50:00  AM,7.645,,,,
10037,02/10/18 01:00:00  AM,7.645,,,,
10038,02/10/18 01:10:00  AM,7.645,,,,
10039,02/10/18 01:20:00  AM,7.645,,,,
10040,02/10/18 01:30:00  AM,7.645,,,,
10041,02/10/18 01:40:00  AM,7.645,,,,
10042,02/10/18 01:50:00  AM,7.645,,,,
10043,02/10/18 02:00:00  AM,7.645,,,,
10044,02/10/18 02:10:00  AM,7.645,,,,
10045,02/10/18 02:20:00  AM,7.645,,,,
10046,02/10/18 02:30:00  AM,7.645,,,,
10047,02/10/18 02:40:00  AM,7.645,,,,
10048,02/10/18 02:50:00  AM,7.645,,,,
10049,02/10/18 03:00:00  AM,7.645,,,,
10050,02/10/18 03:10:00  AM,7.645,,,,
10051,02/10/18 03:20:00  AM,7.645,,,,
10052,02/10/18 03:30:00  AM,7.645,,,,
10053,02/10/18 03:40:00  AM,7.645,,,,
10054,02/10/18 03:50:00  AM,7.645,,,,
10055,02/10/18 04:00:00  AM,7.645,,,,
10056,02/10/18 04:10:00  AM,7.645,,,,
10057,02/10/18 04:20:00  AM,7.645,,,,
10058,02/10/18 04:30:00  AM,7.645,,,,
10059,02/10/18 04:40:00  AM,7.645,,,,
10060,02/10/18 04:50:00  AM,7.645,,,,
10061,02/10/18 05:00:00  AM,7.645,,,,
10062,02/10/18 05:10:00  AM,7.645,,,,
10063,02/10/18 05:20:00  AM,7.645,,,,
10064,02/10/18 05:30:00  AM,7.645,,,,
10065,02/10/18 05:40:00  AM,7.645,,,,
10066,02/10/18 05:50:00  AM,7.645,,,,
10067,02/10/18 06:00:00  AM,7.645,,,,
10068,02/10/18 06:10:00  AM,7.645,,,,
10069,02/10/18 06:20:00  AM,7.645,,,,
10070,02/10/18 06:30:00  AM,7.645,,,,
10071,02/10/18 06:40:00  AM,7.645,,,,
10072,02/10/18 06:50:00  AM,7.645,,,,
10073,02/10/18 07:00:00  AM,7.645,,,,
10074,02/10/18 07:10:00  AM,7.645,,,,
10075,02/10/18 07:20:00  AM,7.645,,,,
10076,02/10/18 07:30:00  AM,7.645,,,,
10077,02/10/18 07:40:00  AM,7.645,,,,
10078,02/10/18 07:50:00  AM,7.645,,,,
10079,02/10/18 08:00:00  AM,7.645,,,,
10080,02/10/18 08:10:00  AM,7.645,,,,
10081,02/10/18 08:20:00  AM,7.645,,,,
10082,02/10/18 08:30:00  AM,7.645,,,,
10083,02/10/18 08:40:00  AM,7.645,,,,
10084,02/10/18 08:50:00  AM,7.645,,,,
10085,02/10/18 09:00:00  AM,7.645,,,,
10086,02/10/18 09:10:00  AM,7.645,,,,
10087,02/10/18 09:20:00  AM,7.645,,,,
10088,02/10/18 09:30:00  AM,7.645,,,,
10089,02/10/18 09:40:00  AM,7.645,,,,
10090,02/10/18 09:50:00  AM,7.645,,,,
10091,02/10/18 10:00:00  AM,7.645,,,,
10092,02/10/18 10:10:00  AM,7.645,,,,
10093,02/10/18 10:20:00  AM,7.645,,,,
10094,02/10/18 10:30:00  AM,7.645,,,,
10095,02/10/18 10:40:00  AM,7.645,,,,
10096,02/10/18 10:50:00  AM,7.645,,,,
10097,02/10/18 11:00:00  AM,7.645,,,,
10098,02/10/18 11:10:00  AM,7.645,,,,
10099,02/10/18 11:20:00  AM,7.645,,,,
10100,02/10/18 11:30:00  AM,7.645,,,,
10101,02/10/18 11:40:00  AM,7.645,,,,
10102,02/10/18 11:50:00  AM,7.645,,,,
10103,02/10/18 12:00:00  PM,7.645,,,,
10104,02/10/18 12:10:00  PM,7.645,,,,
10105,02/10/18 12:20:00  PM,7.645,,,,
10106,02/10/18 12:30:00  PM,7.645,,,,
10107,02/10/18 12:40:00  PM,7.645,,,,
10108,02/10/18 12:50:00  PM,7.645,,,,
10109,02/10/18 01:00:00  PM,7.645,,,,
10110,02/10/18 01:10:00  PM,7.645,,,,
10111,02/10/18 01:20:00  PM,7.645,,,,
10112,02/10/18 01:30:00  PM,7.645,,,,
10113,02/10/18 01:40:00  PM,7.645,,,,
10114,02/10/18 01:50:00  PM,7.645,,,,
10115,02/10/18 02:00:00  PM,7.645,,,,
10116,02/10/18 02:10:00  PM,7.645,,,,
10117,02/10/18 02:20:00  PM,7.645,,,,
10118,02/10/18 02:30:00  PM,7.645,,,,
10119,02/10/18 02:40:00  PM,7.645,,,,
10120,02/10/18 02:50:00  PM,7.645,,,,
10121,02/10/18 03:00:00  PM,7.645,,,,
10122,02/10/18 03:10:00  PM,7.645,,,,
10123,02/10/18 03:20:00  PM,7.645,,,,
10124,02/10/18 03:30:00  PM,7.645,,,,
10125,02/10/18 03:40:00  PM,7.645,,,,
10126,02/10/18 03:50:00  PM,7.645,,,,
10127,02/10/18 04:00:00  PM,7.645,,,,
10128,02/10/18 04:10:00  PM,7.645,,,,
10129,02/10/18 04:20:00  PM,7.645,,,,
10130,02/10/18 04:30:00  PM,7.645,,,,
10131,02/10/18 04:40:00  PM,7.645,,,,
10132,02/10/18 04:50:00  PM,7.645,,,,
10133,02/10/18 05:00:00  PM,7.645,,,,
10134,02/10/18 05:10:00  PM,7.645,,,,
10135,02/10/18 05:20:00  PM,7.645,,,,
10136,02/10/18 05:30:00  PM,7.645,,,,
10137,02/10/18 05:40:00  PM,7.645,,,,
10138,02/10/18 05:50:00  PM,7.645,,,,
10139,02/10/18 06:00:00  PM,7.645,,,,
10140,02/10/18 06:10:00  PM,7.645,,,,
10141,02/10/18 06:20:00  PM,7.645,,,,
10142,02/10/18 06:30:00  PM,7.645,,,,
10143,02/10/18 06:40:00  PM,7.645,,,,
10144,02/10/18 06:50:00  PM,7.645,,,,
10145,02/10/18 07:00:00  PM,7.645,,,,
10146,02/10/18 07:10:00  PM,7.645,,,,
10147,02/10/18 07:20:00  PM,7.645,,,,
10148,02/10/18 07:30:00  PM,7.645,,,,
10149,02/10/18 07:40:00  PM,7.619,,,,
10150,02/10/18 07:50:00  PM,7.619,,,,
10151,02/10/18 08:00:00  PM,7.645,,,,
10152,02/10/18 08:10:00  PM,7.619,,,,
10153,02/10/18 08:20:00  PM,7.645,,,,
10154,02/10/18 08:30:00  PM,7.619,,,,
10155,02/10/18 08:40:00  PM,7.619,,,,
10156,02/10/18 08:50:00  PM,7.619,,,,
10157,02/10/18 09:00:00  PM,7.619,,,,
10158,02/10/18 09:10:00  PM,7.645,,,,
10159,02/10/18 09:20:00  PM,7.645,,,,
10160,02/10/18 09:30:00  PM,7.645,,,,
10161,02/10/18 09:40:00  PM,7.645,,,,
10162,02/10/18 09:50:00  PM,7.619,,,,
10163,02/10/18 10:00:00  PM,7.645,,,,
10164,02/10/18 10:10:00  PM,7.619,,,,
10165,02/10/18 10:20:00  PM,7.645,,,,
10166,02/10/18 10:30:00  PM,7.645,,,,
10167,02/10/18 10:40:00  PM,7.645,,,,
10168,02/10/18 10:50:00  PM,7.645,,,,
10169,02/10/18 11:00:00  PM,7.645,,,,
10170,02/10/18 11:10:00  PM,7.645,,,,
10171,02/10/18 11:20:00  PM,7.645,,,,
10172,02/10/18 11:30:00  PM,7.645,,,,
10173,02/10/18 11:40:00  PM,7.645,,,,
10174,02/10/18 11:50:00  PM,7.645,,,,
10175,02/11/18 12:00:00  AM,7.645,,,,
10176,02/11/18 12:10:00  AM,7.645,,,,
10177,02/11/18 12:20:00  AM,7.645,,,,
10178,02/11/18 12:30:00  AM,7.645,,,,
10179,02/11/18 12:40:00  AM,7.645,,,,
10180,02/11/18 12:50:00  AM,7.645,,,,
10181,02/11/18 01:00:00  AM,7.645,,,,
10182,02/11/18 01:10:00  AM,7.645,,,,
10183,02/11/18 01:20:00  AM,7.670,,,,
10184,02/11/18 01:30:00  AM,7.645,,,,
10185,02/11/18 01:40:00  AM,7.645,,,,
10186,02/11/18 01:50:00  AM,7.645,,,,
10187,02/11/18 02:00:00  AM,7.645,,,,
10188,02/11/18 02:10:00  AM,7.645,,,,
10189,02/11/18 02:20:00  AM,7.645,,,,
10190,02/11/18 02:30:00  AM,7.645,,,,
10191,02/11/18 02:40:00  AM,7.645,,,,
10192,02/11/18 02:50:00  AM,7.645,,,,
10193,02/11/18 03:00:00  AM,7.645,,,,
10194,02/11/18 03:10:00  AM,7.645,,,,
10195,02/11/18 03:20:00  AM,7.670,,,,
10196,02/11/18 03:30:00  AM,7.670,,,,
10197,02/11/18 03:40:00  AM,7.645,,,,
10198,02/11/18 03:50:00  AM,7.670,,,,
10199,02/11/18 04:00:00  AM,7.670,,,,
10200,02/11/18 04:10:00  AM,7.670,,,,
10201,02/11/18 04:20:00  AM,7.645,,,,
10202,02/11/18 04:30:00  AM,7.645,,,,
10203,02/11/18 04:40:00  AM,7.645,,,,
10204,02/11/18 04:50:00  AM,7.670,,,,
10205,02/11/18 05:00:00  AM,7.670,,,,
10206,02/11/18 05:10:00  AM,7.670,,,,
10207,02/11/18 05:20:00  AM,7.670,,,,
10208,02/11/18 05:30:00  AM,7.670,,,,
10209,02/11/18 05:40:00  AM,7.670,,,,
10210,02/11/18 05:50:00  AM,7.670,,,,
10211,02/11/18 06:00:00  AM,7.670,,,,
10212,02/11/18 06:10:00  AM,7.645,,,,
10213,02/11/18 06:20:00  AM,7.670,,,,
10214,02/11/18 06:30:00  AM,7.645,,,,
10215,02/11/18 06:40:00  AM,7.670,,,,
10216,02/11/18 06:50:00  AM,7.670,,,,
10217,02/11/18 07:00:00  AM,7.670,,,,
10218,02/11/18 07:10:00  AM,7.670,,,,
10219,02/11/18 07:20:00  AM,7.670,,,,
10220,02/11/18 07:30:00  AM,7.670,,,,
10221,02/11/18 07:40:00  AM,7.670,,,,
10222,02/11/18 07:50:00  AM,7.670,,,,
10223,02/11/18 08:00:00  AM,7.670,,,,
10224,02/11/18 08:10:00  AM,7.670,,,,
10225,02/11/18 08:20:00  AM,7.670,,,,
10226,02/11/18 08:30:00  AM,7.670,,,,
10227,02/11/18 08:40:00  AM,7.670,,,,
10228,02/11/18 08:50:00  AM,7.670,,,,
10229,02/11/18 09:00:00  AM,7.670,,,,
10230,02/11/18 09:10:00  AM,7.670,,,,
10231,02/11/18 09:20:00  AM,7.670,,,,
10232,02/11/18 09:30:00  AM,7.670,,,,
10233,02/11/18 09:40:00  AM,7.670,,,,
10234,02/11/18 09:50:00  AM,7.670,,,,
10235,02/11/18 10:00:00  AM,7.670,,,,
10236,02/11/18 10:10:00  AM,7.670,,,,
10237,02/11/18 10:20:00  AM,7.670,,,,
10238,02/11/18 10:30:00  AM,7.670,,,,
10239,02/11/18 10:40:00  AM,7.670,,,,
10240,02/11/18 10:50:00  AM,7.670,,,,
10241,02/11/18 11:00:00  AM,7.670,,,,
10242,02/11/18 11:10:00  AM,7.670,,,,
10243,02/11/18 11:20:00  AM,7.670,,,,
10244,02/11/18 11:30:00  AM,7.670,,,,
10245,02/11/18 11:40:00  AM,7.670,,,,
10246,02/11/18 11:50:00  AM,7.670,,,,
10247,02/11/18 12:00:00  PM,7.670,,,,
10248,02/11/18 12:10:00  PM,7.670,,,,
10249,02/11/18 12:20:00  PM,7.670,,,,
10250,02/11/18 12:30:00  PM,7.670,,,,
10251,02/11/18 12:40:00  PM,7.670,,,,
10252,02/11/18 12:50:00  PM,7.645,,,,
10253,02/11/18 01:00:00  PM,7.670,,,,
10254,02/11/18 01:10:00  PM,7.670,,,,
10255,02/11/18 01:20:00  PM,7.670,,,,
10256,02/11/18 01:30:00  PM,7.670,,,,
10257,02/11/18 01:40:00  PM,7.670,,,,
10258,02/11/18 01:50:00  PM,7.670,,,,
10259,02/11/18 02:00:00  PM,7.670,,,,
10260,02/11/18 02:10:00  PM,7.670,,,,
10261,02/11/18 02:20:00  PM,7.670,,,,
10262,02/11/18 02:30:00  PM,7.670,,,,
10263,02/11/18 02:40:00  PM,7.670,,,,
10264,02/11/18 02:50:00  PM,7.670,,,,
10265,02/11/18 03:00:00  PM,7.670,,,,
10266,02/11/18 03:10:00  PM,7.670,,,,
10267,02/11/18 03:20:00  PM,7.670,,,,
10268,02/11/18 03:30:00  PM,7.670,,,,
10269,02/11/18 03:40:00  PM,7.670,,,,
10270,02/11/18 03:50:00  PM,7.670,,,,
10271,02/11/18 04:00:00  PM,7.670,,,,
10272,02/11/18 04:10:00  PM,7.670,,,,
10273,02/11/18 04:20:00  PM,7.670,,,,
10274,02/11/18 04:30:00  PM,7.670,,,,
10275,02/11/18 04:40:00  PM,7.670,,,,
10276,02/11/18 04:50:00  PM,7.670,,,,
10277,02/11/18 05:00:00  PM,7.670,,,,
10278,02/11/18 05:10:00  PM,7.670,,,,
10279,02/11/18 05:20:00  PM,7.670,,,,
10280,02/11/18 05:30:00  PM,7.670,,,,
10281,02/11/18 05:40:00  PM,7.670,,,,
10282,02/11/18 05:50:00  PM,7.670,,,,
10283,02/11/18 06:00:00  PM,7.670,,,,
10284,02/11/18 06:10:00  PM,7.670,,,,
10285,02/11/18 06:20:00  PM,7.645,,,,
10286,02/11/18 06:30:00  PM,7.645,,,,
10287,02/11/18 06:40:00  PM,7.645,,,,
10288,02/11/18 06:50:00  PM,7.645,,,,
10289,02/11/18 07:00:00  PM,7.645,,,,
10290,02/11/18 07:10:00  PM,7.645,,,,
10291,02/11/18 07:20:00  PM,7.645,,,,
10292,02/11/18 07:30:00  PM,7.645,,,,
10293,02/11/18 07:40:00  PM,7.645,,,,
10294,02/11/18 07:50:00  PM,7.645,,,,
10295,02/11/18 08:00:00  PM,7.645,,,,
10296,02/11/18 08:10:00  PM,7.645,,,,
10297,02/11/18 08:20:00  PM,7.645,,,,
10298,02/11/18 08:30:00  PM,7.645,,,,
10299,02/11/18 08:40:00  PM,7.645,,,,
10300,02/11/18 08:50:00  PM,7.645,,,,
10301,02/11/18 09:00:00  PM,7.645,,,,
10302,02/11/18 09:10:00  PM,7.645,,,,
10303,02/11/18 09:20:00  PM,7.645,,,,
10304,02/11/18 09:30:00  PM,7.670,,,,
10305,02/11/18 09:40:00  PM,7.670,,,,
10306,02/11/18 09:50:00  PM,7.670,,,,
10307,02/11/18 10:00:00  PM,7.670,,,,
10308,02/11/18 10:10:00  PM,7.645,,,,
10309,02/11/18 10:20:00  PM,7.645,,,,
10310,02/11/18 10:30:00  PM,7.645,,,,
10311,02/11/18 10:40:00  PM,7.645,,,,
10312,02/11/18 10:50:00  PM,7.645,,,,
10313,02/11/18 11:00:00  PM,7.645,,,,
10314,02/11/18 11:10:00  PM,7.645,,,,
10315,02/11/18 11:20:00  PM,7.645,,,,
10316,02/11/18 11:30:00  PM,7.645,,,,
10317,02/11/18 11:40:00  PM,7.645,,,,
10318,02/11/18 11:50:00  PM,7.645,,,,
10319,02/12/18 12:00:00  AM,7.645,,,,
10320,02/12/18 12:10:00  AM,7.645,,,,
10321,02/12/18 12:20:00  AM,7.645,,,,
10322,02/12/18 12:30:00  AM,7.645,,,,
10323,02/12/18 12:40:00  AM,7.645,,,,
10324,02/12/18 12:50:00  AM,7.645,,,,
10325,02/12/18 01:00:00  AM,7.645,,,,
10326,02/12/18 01:10:00  AM,7.645,,,,
10327,02/12/18 01:20:00  AM,7.645,,,,
10328,02/12/18 01:30:00  AM,7.645,,,,
10329,02/12/18 01:40:00  AM,7.645,,,,
10330,02/12/18 01:50:00  AM,7.645,,,,
10331,02/12/18 02:00:00  AM,7.645,,,,
10332,02/12/18 02:10:00  AM,7.670,,,,
10333,02/12/18 02:20:00  AM,7.670,,,,
10334,02/12/18 02:30:00  AM,7.670,,,,
10335,02/12/18 02:40:00  AM,7.670,,,,
10336,02/12/18 02:50:00  AM,7.670,,,,
10337,02/12/18 03:00:00  AM,7.670,,,,
10338,02/12/18 03:10:00  AM,7.670,,,,
10339,02/12/18 03:20:00  AM,7.670,,,,
10340,02/12/18 03:30:00  AM,7.670,,,,
10341,02/12/18 03:40:00  AM,7.670,,,,
10342,02/12/18 03:50:00  AM,7.670,,,,
10343,02/12/18 04:00:00  AM,7.670,,,,
10344,02/12/18 04:10:00  AM,7.670,,,,
10345,02/12/18 04:20:00  AM,7.670,,,,
10346,02/12/18 04:30:00  AM,7.670,,,,
10347,02/12/18 04:40:00  AM,7.670,,,,
10348,02/12/18 04:50:00  AM,7.670,,,,
10349,02/12/18 05:00:00  AM,7.670,,,,
10350,02/12/18 05:10:00  AM,7.670,,,,
10351,02/12/18 05:20:00  AM,7.670,,,,
10352,02/12/18 05:30:00  AM,7.670,,,,
10353,02/12/18 05:40:00  AM,7.670,,,,
10354,02/12/18 05:50:00  AM,7.670,,,,
10355,02/12/18 06:00:00  AM,7.670,,,,
10356,02/12/18 06:10:00  AM,7.670,,,,
10357,02/12/18 06:20:00  AM,7.670,,,,
10358,02/12/18 06:30:00  AM,7.670,,,,
10359,02/12/18 06:40:00  AM,7.670,,,,
10360,02/12/18 06:50:00  AM,7.670,,,,
10361,02/12/18 07:00:00  AM,7.670,,,,
10362,02/12/18 07:10:00  AM,7.670,,,,
10363,02/12/18 07:20:00  AM,7.670,,,,
10364,02/12/18 07:30:00  AM,7.670,,,,
10365,02/12/18 07:40:00  AM,7.670,,,,
10366,02/12/18 07:50:00  AM,7.670,,,,
10367,02/12/18 08:00:00  AM,7.670,,,,
10368,02/12/18 08:10:00  AM,7.670,,,,
10369,02/12/18 08:20:00  AM,7.670,,,,
10370,02/12/18 08:30:00  AM,7.670,,,,
10371,02/12/18 08:40:00  AM,7.670,,,,
10372,02/12/18 08:50:00  AM,7.695,,,,
10373,02/12/18 09:00:00  AM,7.695,,,,
10374,02/12/18 09:10:00  AM,7.670,,,,
10375,02/12/18 09:20:00  AM,7.670,,,,
10376,02/12/18 09:30:00  AM,7.670,,,,
10377,02/12/18 09:40:00  AM,7.670,,,,
10378,02/12/18 09:50:00  AM,7.670,,,,
10379,02/12/18 10:00:00  AM,7.670,,,,
10380,02/12/18 10:10:00  AM,7.670,,,,
10381,02/12/18 10:20:00  AM,7.670,,,,
10382,02/12/18 10:30:00  AM,7.670,,,,
10383,02/12/18 10:40:00  AM,7.670,,,,
10384,02/12/18 10:50:00  AM,7.670,,,,
10385,02/12/18 11:00:00  AM,7.670,,,,
10386,02/12/18 11:10:00  AM,7.670,,,,
10387,02/12/18 11:20:00  AM,7.695,,,,
10388,02/12/18 11:30:00  AM,7.670,,,,
10389,02/12/18 11:40:00  AM,7.695,,,,
10390,02/12/18 11:50:00  AM,7.695,,,,
10391,02/12/18 12:00:00  PM,7.695,,,,
10392,02/12/18 12:10:00  PM,7.695,,,,
10393,02/12/18 12:20:00  PM,7.695,,,,
10394,02/12/18 12:30:00  PM,7.695,,,,
10395,02/12/18 12:40:00  PM,7.695,,,,
10396,02/12/18 12:50:00  PM,7.695,,,,
10397,02/12/18 01:00:00  PM,7.695,,,,
10398,02/12/18 01:10:00  PM,7.695,,,,
10399,02/12/18 01:20:00  PM,7.695,,,,
10400,02/12/18 01:30:00  PM,7.695,,,,
10401,02/12/18 01:40:00  PM,7.695,,,,
10402,02/12/18 01:50:00  PM,7.695,,,,
10403,02/12/18 02:00:00  PM,7.695,,,,
10404,02/12/18 02:10:00  PM,7.695,,,,
10405,02/12/18 02:20:00  PM,7.695,,,,
10406,02/12/18 02:30:00  PM,7.695,,,,
10407,02/12/18 02:40:00  PM,7.695,,,,
10408,02/12/18 02:50:00  PM,7.695,,,,
10409,02/12/18 03:00:00  PM,7.695,,,,
10410,02/12/18 03:10:00  PM,7.695,,,,
10411,02/12/18 03:20:00  PM,7.670,,,,
10412,02/12/18 03:30:00  PM,7.670,,,,
10413,02/12/18 03:40:00  PM,7.670,,,,
10414,02/12/18 03:50:00  PM,7.670,,,,
10415,02/12/18 04:00:00  PM,7.670,,,,
10416,02/12/18 04:10:00  PM,7.670,,,,
10417,02/12/18 04:20:00  PM,7.670,,,,
10418,02/12/18 04:30:00  PM,7.670,,,,
10419,02/12/18 04:40:00  PM,7.670,,,,
10420,02/12/18 04:50:00  PM,7.670,,,,
10421,02/12/18 05:00:00  PM,7.670,,,,
10422,02/12/18 05:10:00  PM,7.645,,,,
10423,02/12/18 05:20:00  PM,7.670,,,,
10424,02/12/18 05:30:00  PM,7.670,,,,
10425,02/12/18 05:40:00  PM,7.670,,,,
10426,02/12/18 05:50:00  PM,7.670,,,,
10427,02/12/18 06:00:00  PM,7.645,,,,
10428,02/12/18 06:10:00  PM,7.645,,,,
10429,02/12/18 06:20:00  PM,7.645,,,,
10430,02/12/18 06:30:00  PM,7.645,,,,
10431,02/12/18 06:40:00  PM,7.645,,,,
10432,02/12/18 06:50:00  PM,7.645,,,,
10433,02/12/18 07:00:00  PM,7.645,,,,
10434,02/12/18 07:10:00  PM,7.670,,,,
10435,02/12/18 07:20:00  PM,7.645,,,,
10436,02/12/18 07:30:00  PM,7.645,,,,
10437,02/12/18 07:40:00  PM,7.645,,,,
10438,02/12/18 07:50:00  PM,7.645,,,,
10439,02/12/18 08:00:00  PM,7.645,,,,
10440,02/12/18 08:10:00  PM,7.619,,,,
10441,02/12/18 08:20:00  PM,7.619,,,,
10442,02/12/18 08:30:00  PM,7.619,,,,
10443,02/12/18 08:40:00  PM,7.619,,,,
10444,02/12/18 08:50:00  PM,7.619,,,,
10445,02/12/18 09:00:00  PM,7.619,,,,
10446,02/12/18 09:10:00  PM,7.619,,,,
10447,02/12/18 09:20:00  PM,7.619,,,,
10448,02/12/18 09:30:00  PM,7.594,,,,
10449,02/12/18 09:40:00  PM,7.594,,,,
10450,02/12/18 09:50:00  PM,7.569,,,,
10451,02/12/18 10:00:00  PM,7.569,,,,
10452,02/12/18 10:10:00  PM,7.569,,,,
10453,02/12/18 10:20:00  PM,7.569,,,,
10454,02/12/18 10:30:00  PM,7.569,,,,
10455,02/12/18 10:40:00  PM,7.569,,,,
10456,02/12/18 10:50:00  PM,7.569,,,,
10457,02/12/18 11:00:00  PM,7.569,,,,
10458,02/12/18 11:10:00  PM,7.569,,,,
10459,02/12/18 11:20:00  PM,7.569,,,,
10460,02/12/18 11:30:00  PM,7.569,,,,
10461,02/12/18 11:40:00  PM,7.594,,,,
10462,02/12/18 11:50:00  PM,7.645,,,,
10463,02/13/18 12:00:00  AM,7.619,,,,
10464,02/13/18 12:10:00  AM,7.619,,,,
10465,02/13/18 12:20:00  AM,7.619,,,,
10466,02/13/18 12:30:00  AM,7.619,,,,
10467,02/13/18 12:40:00  AM,7.619,,,,
10468,02/13/18 12:50:00  AM,7.619,,,,
10469,02/13/18 01:00:00  AM,7.619,,,,
10470,02/13/18 01:10:00  AM,7.619,,,,
10471,02/13/18 01:20:00  AM,7.619,,,,
10472,02/13/18 01:30:00  AM,7.619,,,,
10473,02/13/18 01:40:00  AM,7.619,,,,
10474,02/13/18 01:50:00  AM,7.619,,,,
10475,02/13/18 02:00:00  AM,7.619,,,,
10476,02/13/18 02:10:00  AM,7.645,,,,
10477,02/13/18 02:20:00  AM,7.645,,,,
10478,02/13/18 02:30:00  AM,7.645,,,,
10479,02/13/18 02:40:00  AM,7.619,,,,
10480,02/13/18 02:50:00  AM,7.645,,,,
10481,02/13/18 03:00:00  AM,7.645,,,,
10482,02/13/18 03:10:00  AM,7.645,,,,
10483,02/13/18 03:20:00  AM,7.645,,,,
10484,02/13/18 03:30:00  AM,7.645,,,,
10485,02/13/18 03:40:00  AM,7.645,,,,
10486,02/13/18 03:50:00  AM,7.645,,,,
10487,02/13/18 04:00:00  AM,7.619,,,,
10488,02/13/18 04:10:00  AM,7.619,,,,
10489,02/13/18 04:20:00  AM,7.619,,,,
10490,02/13/18 04:30:00  AM,7.619,,,,
10491,02/13/18 04:40:00  AM,7.619,,,,
10492,02/13/18 04:50:00  AM,7.619,,,,
10493,02/13/18 05:00:00  AM,7.619,,,,
10494,02/13/18 05:10:00  AM,7.594,,,,
10495,02/13/18 05:20:00  AM,7.594,,,,
10496,02/13/18 05:30:00  AM,7.619,,,,
10497,02/13/18 05:40:00  AM,7.619,,,,
10498,02/13/18 05:50:00  AM,7.619,,,,
10499,02/13/18 06:00:00  AM,7.619,,,,
10500,02/13/18 06:10:00  AM,7.594,,,,
10501,02/13/18 06:20:00  AM,7.619,,,,
10502,02/13/18 06:30:00  AM,7.594,,,,
10503,02/13/18 06:40:00  AM,7.594,,,,
10504,02/13/18 06:50:00  AM,7.594,,,,
10505,02/13/18 07:00:00  AM,7.619,,,,
10506,02/13/18 07:10:00  AM,7.619,,,,
10507,02/13/18 07:20:00  AM,7.619,,,,
10508,02/13/18 07:30:00  AM,7.619,,,,
10509,02/13/18 07:40:00  AM,7.594,,,,
10510,02/13/18 07:50:00  AM,7.619,,,,
10511,02/13/18 08:00:00  AM,7.619,,,,
10512,02/13/18 08:10:00  AM,7.619,,,,
10513,02/13/18 08:20:00  AM,7.619,,,,
10514,02/13/18 08:30:00  AM,7.645,,,,
10515,02/13/18 08:40:00  AM,7.645,,,,
10516,02/13/18 08:50:00  AM,7.645,,,,
10517,02/13/18 09:00:00  AM,7.645,,,,
10518,02/13/18 09:10:00  AM,7.645,,,,
10519,02/13/18 09:20:00  AM,7.645,,,,
10520,02/13/18 09:30:00  AM,7.645,,,,
10521,02/13/18 09:40:00  AM,7.645,,,,
10522,02/13/18 09:50:00  AM,7.645,,,,
10523,02/13/18 10:00:00  AM,7.619,,,,
10524,02/13/18 10:10:00  AM,7.645,,,,
10525,02/13/18 10:20:00  AM,7.619,,,,
10526,02/13/18 10:30:00  AM,7.619,,,,
10527,02/13/18 10:40:00  AM,7.619,,,,
10528,02/13/18 10:50:00  AM,7.619,,,,
10529,02/13/18 11:00:00  AM,7.619,,,,
10530,02/13/18 11:10:00  AM,7.619,,,,
10531,02/13/18 11:20:00  AM,7.619,,,,
10532,02/13/18 11:30:00  AM,7.619,,,,
10533,02/13/18 11:40:00  AM,7.645,,,,
10534,02/13/18 11:50:00  AM,7.645,,,,
10535,02/13/18 12:00:00  PM,7.645,,,,
10536,02/13/18 12:10:00  PM,7.645,,,,
10537,02/13/18 12:20:00  PM,7.645,,,,
10538,02/13/18 12:30:00  PM,7.645,,,,
10539,02/13/18 12:40:00  PM,7.645,,,,
10540,02/13/18 12:50:00  PM,7.645,,,,
10541,02/13/18 01:00:00  PM,7.645,,,,
10542,02/13/18 01:10:00  PM,7.645,,,,
10543,02/13/18 01:20:00  PM,7.645,,,,
10544,02/13/18 01:30:00  PM,7.645,,,,
10545,02/13/18 01:40:00  PM,7.645,,,,
10546,02/13/18 01:50:00  PM,7.645,,,,
10547,02/13/18 02:00:00  PM,7.645,,,,
10548,02/13/18 02:10:00  PM,7.645,,,,
10549,02/13/18 02:20:00  PM,7.645,,,,
10550,02/13/18 02:30:00  PM,7.645,,,,
10551,02/13/18 02:40:00  PM,7.645,,,,
10552,02/13/18 02:50:00  PM,7.645,,,,
10553,02/13/18 03:00:00  PM,7.670,,,,
10554,02/13/18 03:10:00  PM,7.670,,,,
10555,02/13/18 03:20:00  PM,7.670,,,,
10556,02/13/18 03:30:00  PM,7.670,,,,
10557,02/13/18 03:40:00  PM,7.670,,,,
10558,02/13/18 03:50:00  PM,7.670,,,,
10559,02/13/18 04:00:00  PM,7.670,,,,
10560,02/13/18 04:10:00  PM,7.670,,,,
10561,02/13/18 04:20:00  PM,7.670,,,,
10562,02/13/18 04:30:00  PM,7.670,,,,
10563,02/13/18 04:40:00  PM,7.670,,,,
10564,02/13/18 04:50:00  PM,7.670,,,,
10565,02/13/18 05:00:00  PM,7.670,,,,
10566,02/13/18 05:10:00  PM,7.670,,,,
10567,02/13/18 05:20:00  PM,7.670,,,,
10568,02/13/18 05:30:00  PM,7.670,,,,
10569,02/13/18 05:40:00  PM,7.670,,,,
10570,02/13/18 05:50:00  PM,7.670,,,,
10571,02/13/18 06:00:00  PM,7.670,,,,
10572,02/13/18 06:10:00  PM,7.720,,,,
10573,02/13/18 06:20:00  PM,7.695,,,,
10574,02/13/18 06:30:00  PM,7.670,,,,
10575,02/13/18 06:40:00  PM,7.670,,,,
10576,02/13/18 06:50:00  PM,7.695,,,,
10577,02/13/18 07:00:00  PM,7.670,,,,
10578,02/13/18 07:10:00  PM,7.670,,,,
10579,02/13/18 07:20:00  PM,7.670,,,,
10580,02/13/18 07:30:00  PM,7.645,,,,
10581,02/13/18 07:40:00  PM,7.645,,,,
10582,02/13/18 07:50:00  PM,7.619,,,,
10583,02/13/18 08:00:00  PM,7.619,,,,
10584,02/13/18 08:10:00  PM,7.619,,,,
10585,02/13/18 08:20:00  PM,7.619,,,,
10586,02/13/18 08:30:00  PM,7.619,,,,
10587,02/13/18 08:40:00  PM,7.619,,,,
10588,02/13/18 08:50:00  PM,7.619,,,,
10589,02/13/18 09:00:00  PM,7.619,,,,
10590,02/13/18 09:10:00  PM,7.619,,,,
10591,02/13/18 09:20:00  PM,7.619,,,,
10592,02/13/18 09:30:00  PM,7.594,,,,
10593,02/13/18 09:40:00  PM,7.594,,,,
10594,02/13/18 09:50:00  PM,7.594,,,,
10595,02/13/18 10:00:00  PM,7.594,,,,
10596,02/13/18 10:10:00  PM,7.619,,,,
10597,02/13/18 10:20:00  PM,7.594,,,,
10598,02/13/18 10:30:00  PM,7.594,,,,
10599,02/13/18 10:40:00  PM,7.645,,,,
10600,02/13/18 10:50:00  PM,7.645,,,,
10601,02/13/18 11:00:00  PM,7.645,,,,
10602,02/13/18 11:10:00  PM,7.645,,,,
10603,02/13/18 11:20:00  PM,7.670,,,,
10604,02/13/18 11:30:00  PM,7.670,,,,
10605,02/13/18 11:40:00  PM,7.670,,,,
10606,02/13/18 11:50:00  PM,7.670,,,,
10607,02/14/18 12:00:00  AM,7.670,,,,
10608,02/14/18 12:10:00  AM,7.645,,,,
10609,02/14/18 12:20:00  AM,7.645,,,,
10610,02/14/18 12:30:00  AM,7.645,,,,
10611,02/14/18 12:40:00  AM,7.645,,,,
10612,02/14/18 12:50:00  AM,7.670,,,,
10613,02/14/18 01:00:00  AM,7.670,,,,
10614,02/14/18 01:10:00  AM,7.670,,,,
10615,02/14/18 01:20:00  AM,7.695,,,,
10616,02/14/18 01:30:00  AM,7.695,,,,
10617,02/14/18 01:40:00  AM,7.695,,,,
10618,02/14/18 01:50:00  AM,7.720,,,,
10619,02/14/18 02:00:00  AM,7.695,,,,
10620,02/14/18 02:10:00  AM,7.720,,,,
10621,02/14/18 02:20:00  AM,7.695,,,,
10622,02/14/18 02:30:00  AM,7.695,,,,
10623,02/14/18 02:40:00  AM,7.720,,,,
10624,02/14/18 02:50:00  AM,7.720,,,,
10625,02/14/18 03:00:00  AM,7.720,,,,
10626,02/14/18 03:10:00  AM,7.720,,,,
10627,02/14/18 03:20:00  AM,7.720,,,,
10628,02/14/18 03:30:00  AM,7.720,,,,
10629,02/14/18 03:40:00  AM,7.720,,,,
10630,02/14/18 03:50:00  AM,7.720,,,,
10631,02/14/18 04:00:00  AM,7.720,,,,
10632,02/14/18 04:10:00  AM,7.720,,,,
10633,02/14/18 04:20:00  AM,7.720,,,,
10634,02/14/18 04:30:00  AM,7.720,,,,
10635,02/14/18 04:40:00  AM,7.695,,,,
10636,02/14/18 04:50:00  AM,7.695,,,,
10637,02/14/18 05:00:00  AM,7.695,,,,
10638,02/14/18 05:10:00  AM,7.695,,,,
10639,02/14/18 05:20:00  AM,7.695,,,,
10640,02/14/18 05:30:00  AM,7.695,,,,
10641,02/14/18 05:40:00  AM,7.695,,,,
10642,02/14/18 05:50:00  AM,7.695,,,,
10643,02/14/18 06:00:00  AM,7.695,,,,
10644,02/14/18 06:10:00  AM,7.695,,,,
10645,02/14/18 06:20:00  AM,7.670,,,,
10646,02/14/18 06:30:00  AM,7.670,,,,
10647,02/14/18 06:40:00  AM,7.670,,,,
10648,02/14/18 06:50:00  AM,7.670,,,,
10649,02/14/18 07:00:00  AM,7.670,,,,
10650,02/14/18 07:10:00  AM,7.670,,,,
10651,02/14/18 07:20:00  AM,7.670,,,,
10652,02/14/18 07:30:00  AM,7.670,,,,
10653,02/14/18 07:40:00  AM,7.645,,,,
10654,02/14/18 07:50:00  AM,7.645,,,,
10655,02/14/18 08:00:00  AM,7.645,,,,
10656,02/14/18 08:10:00  AM,7.645,,,,
10657,02/14/18 08:20:00  AM,7.645,,,,
10658,02/14/18 08:30:00  AM,7.594,,,,
10659,02/14/18 08:40:00  AM,7.594,,,,
10660,02/14/18 08:50:00  AM,7.594,,,,
10661,02/14/18 09:00:00  AM,7.594,,,,
10662,02/14/18 09:10:00  AM,7.594,,,,
10663,02/14/18 09:20:00  AM,7.594,,,,
10664,02/14/18 09:30:00  AM,7.594,,,,
10665,02/14/18 09:40:00  AM,7.594,,,,
10666,02/14/18 09:50:00  AM,7.594,,,,
10667,02/14/18 10:00:00  AM,7.594,,,,
10668,02/14/18 10:10:00  AM,7.594,,,,
10669,02/14/18 10:20:00  AM,7.594,,,,
10670,02/14/18 10:30:00  AM,7.594,,,,
10671,02/14/18 10:40:00  AM,7.594,,,,
10672,02/14/18 10:50:00  AM,7.594,,,,
10673,02/14/18 11:00:00  AM,7.594,,,,
10674,02/14/18 11:10:00  AM,7.594,,,,
10675,02/14/18 11:20:00  AM,7.594,,,,
10676,02/14/18 11:30:00  AM,7.594,,,,
10677,02/14/18 11:40:00  AM,7.594,,,,
10678,02/14/18 11:50:00  AM,7.594,,,,
10679,02/14/18 12:00:00  PM,7.594,,,,
10680,02/14/18 12:10:00  PM,7.594,,,,
10681,02/14/18 12:20:00  PM,7.594,,,,
10682,02/14/18 12:30:00  PM,7.594,,,,
10683,02/14/18 12:40:00  PM,7.569,,,,
10684,02/14/18 12:50:00  PM,7.594,,,,
10685,02/14/18 01:00:00  PM,7.594,,,,
10686,02/14/18 01:10:00  PM,7.619,,,,
10687,02/14/18 01:20:00  PM,7.619,,,,
10688,02/14/18 01:30:00  PM,7.619,,,,
10689,02/14/18 01:40:00  PM,7.619,,,,
10690,02/14/18 01:50:00  PM,7.594,,,,
10691,02/14/18 02:00:00  PM,7.594,,,,
10692,02/14/18 02:10:00  PM,7.619,,,,
10693,02/14/18 02:20:00  PM,7.619,,,,
10694,02/14/18 02:30:00  PM,7.619,,,,
10695,02/14/18 02:40:00  PM,7.619,,,,
10696,02/14/18 02:50:00  PM,7.619,,,,
10697,02/14/18 03:00:00  PM,7.619,,,,
10698,02/14/18 03:10:00  PM,7.619,,,,
10699,02/14/18 03:20:00  PM,7.619,,,,
10700,02/14/18 03:30:00  PM,7.619,,,,
10701,02/14/18 03:40:00  PM,7.619,,,,
10702,02/14/18 03:50:00  PM,7.619,,,,
10703,02/14/18 04:00:00  PM,7.619,,,,
10704,02/14/18 04:10:00  PM,7.619,,,,
10705,02/14/18 04:20:00  PM,7.619,,,,
10706,02/14/18 04:30:00  PM,7.645,,,,
10707,02/14/18 04:40:00  PM,7.619,,,,
10708,02/14/18 04:50:00  PM,7.619,,,,
10709,02/14/18 05:00:00  PM,7.619,,,,
10710,02/14/18 05:10:00  PM,7.619,,,,
10711,02/14/18 05:20:00  PM,7.619,,,,
10712,02/14/18 05:30:00  PM,7.594,,,,
10713,02/14/18 05:40:00  PM,7.594,,,,
10714,02/14/18 05:50:00  PM,7.594,,,,
10715,02/14/18 06:00:00  PM,7.594,,,,
10716,02/14/18 06:10:00  PM,7.594,,,,
10717,02/14/18 06:20:00  PM,7.569,,,,
10718,02/14/18 06:30:00  PM,7.569,,,,
10719,02/14/18 06:40:00  PM,7.594,,,,
10720,02/14/18 06:50:00  PM,7.569,,,,
10721,02/14/18 07:00:00  PM,7.569,,,,
10722,02/14/18 07:10:00  PM,7.569,,,,
10723,02/14/18 07:20:00  PM,7.569,,,,
10724,02/14/18 07:30:00  PM,7.569,,,,
10725,02/14/18 07:40:00  PM,7.569,,,,
10726,02/14/18 07:50:00  PM,7.569,,,,
10727,02/14/18 08:00:00  PM,7.569,,,,
10728,02/14/18 08:10:00  PM,7.569,,,,
10729,02/14/18 08:20:00  PM,7.569,,,,
10730,02/14/18 08:30:00  PM,7.569,,,,
10731,02/14/18 08:40:00  PM,7.569,,,,
10732,02/14/18 08:50:00  PM,7.569,,,,
10733,02/14/18 09:00:00  PM,7.569,,,,
10734,02/14/18 09:10:00  PM,7.569,,,,
10735,02/14/18 09:20:00  PM,7.594,,,,
10736,02/14/18 09:30:00  PM,7.619,,,,
10737,02/14/18 09:40:00  PM,7.645,,,,
10738,02/14/18 09:50:00  PM,7.670,,,,
10739,02/14/18 10:00:00  PM,7.670,,,,
10740,02/14/18 10:10:00  PM,7.695,,,,
10741,02/14/18 10:20:00  PM,7.695,,,,
10742,02/14/18 10:30:00  PM,7.720,,,,
10743,02/14/18 10:40:00  PM,7.695,,,,
10744,02/14/18 10:50:00  PM,7.695,,,,
10745,02/14/18 11:00:00  PM,7.720,,,,
10746,02/14/18 11:10:00  PM,7.695,,,,
10747,02/14/18 11:20:00  PM,7.695,,,,
10748,02/14/18 11:30:00  PM,7.670,,,,
10749,02/14/18 11:40:00  PM,7.670,,,,
10750,02/14/18 11:50:00  PM,7.720,,,,
10751,02/15/18 12:00:00  AM,7.745,,,,
10752,02/15/18 12:10:00  AM,7.720,,,,
10753,02/15/18 12:20:00  AM,7.720,,,,
10754,02/15/18 12:30:00  AM,7.695,,,,
10755,02/15/18 12:40:00  AM,7.695,,,,
10756,02/15/18 12:50:00  AM,7.670,,,,
10757,02/15/18 01:00:00  AM,7.695,,,,
10758,02/15/18 01:10:00  AM,7.695,,,,
10759,02/15/18 01:20:00  AM,7.720,,,,
10760,02/15/18 01:30:00  AM,7.695,,,,
10761,02/15/18 01:40:00  AM,7.695,,,,
10762,02/15/18 01:50:00  AM,7.670,,,,
10763,02/15/18 02:00:00  AM,7.670,,,,
10764,02/15/18 02:10:00  AM,7.695,,,,
10765,02/15/18 02:20:00  AM,7.670,,,,
10766,02/15/18 02:30:00  AM,7.670,,,,
10767,02/15/18 02:40:00  AM,7.695,,,,
10768,02/15/18 02:50:00  AM,7.720,,,,
10769,02/15/18 03:00:00  AM,7.720,,,,
10770,02/15/18 03:10:00  AM,7.720,,,,
10771,02/15/18 03:20:00  AM,7.695,,,,
10772,02/15/18 03:30:00  AM,7.695,,,,
10773,02/15/18 03:40:00  AM,7.695,,,,
10774,02/15/18 03:50:00  AM,7.695,,,,
10775,02/15/18 04:00:00  AM,7.720,,,,
10776,02/15/18 04:10:00  AM,7.720,,,,
10777,02/15/18 04:20:00  AM,7.720,,,,
10778,02/15/18 04:30:00  AM,7.720,,,,
10779,02/15/18 04:40:00  AM,7.720,,,,
10780,02/15/18 04:50:00  AM,7.720,,,,
10781,02/15/18 05:00:00  AM,7.720,,,,
10782,02/15/18 05:10:00  AM,7.720,,,,
10783,02/15/18 05:20:00  AM,7.695,,,,
10784,02/15/18 05:30:00  AM,7.695,,,,
10785,02/15/18 05:40:00  AM,7.670,,,,
10786,02/15/18 05:50:00  AM,7.670,,,,
10787,02/15/18 06:00:00  AM,7.695,,,,
10788,02/15/18 06:10:00  AM,7.695,,,,
10789,02/15/18 06:20:00  AM,7.695,,,,
10790,02/15/18 06:30:00  AM,7.670,,,,
10791,02/15/18 06:40:00  AM,7.670,,,,
10792,02/15/18 06:50:00  AM,7.670,,,,
10793,02/15/18 07:00:00  AM,7.645,,,,
10794,02/15/18 07:10:00  AM,7.594,,,,
10795,02/15/18 07:20:00  AM,7.619,,,,
10796,02/15/18 07:30:00  AM,7.594,,,,
10797,02/15/18 07:40:00  AM,7.594,,,,
10798,02/15/18 07:50:00  AM,7.619,,,,
10799,02/15/18 08:00:00  AM,7.619,,,,
10800,02/15/18 08:10:00  AM,7.619,,,,
10801,02/15/18 08:20:00  AM,7.594,,,,
10802,02/15/18 08:30:00  AM,7.594,,,,
10803,02/15/18 08:40:00  AM,7.594,,,,
10804,02/15/18 08:50:00  AM,7.594,,,,
10805,02/15/18 09:00:00  AM,7.594,,,,
10806,02/15/18 09:10:00  AM,7.594,,,,
10807,02/15/18 09:20:00  AM,7.594,,,,
10808,02/15/18 09:30:00  AM,7.619,,,,
10809,02/15/18 09:40:00  AM,7.594,,,,
10810,02/15/18 09:50:00  AM,7.594,,,,
10811,02/15/18 10:00:00  AM,7.619,,,,
10812,02/15/18 10:10:00  AM,7.619,,,,
10813,02/15/18 10:20:00  AM,7.619,,,,
10814,02/15/18 10:30:00  AM,7.619,,,,
10815,02/15/18 10:40:00  AM,7.645,,,,
10816,02/15/18 10:50:00  AM,7.645,,,,
10817,02/15/18 11:00:00  AM,7.670,,,,
10818,02/15/18 11:10:00  AM,7.645,,,,
10819,02/15/18 11:20:00  AM,7.670,,,,
10820,02/15/18 11:30:00  AM,7.670,,,,
10821,02/15/18 11:40:00  AM,7.670,,,,
10822,02/15/18 11:50:00  AM,7.645,,,,
10823,02/15/18 12:00:00  PM,7.670,,,,
10824,02/15/18 12:10:00  PM,7.670,,,,
10825,02/15/18 12:20:00  PM,7.670,,,,
10826,02/15/18 12:30:00  PM,7.670,,,,
10827,02/15/18 12:40:00  PM,7.670,,,,
10828,02/15/18 12:50:00  PM,7.670,,,,
10829,02/15/18 01:00:00  PM,7.670,,,,
10830,02/15/18 01:10:00  PM,7.670,,,,
10831,02/15/18 01:20:00  PM,7.670,,,,
10832,02/15/18 01:30:00  PM,7.670,,,,
10833,02/15/18 01:40:00  PM,7.670,,,,
10834,02/15/18 01:50:00  PM,7.695,,,,
10835,02/15/18 02:00:00  PM,7.695,,,,
10836,02/15/18 02:10:00  PM,7.695,,,,
10837,02/15/18 02:20:00  PM,7.695,,,,
10838,02/15/18 02:30:00  PM,7.695,,,,
10839,02/15/18 02:40:00  PM,7.695,,,,
10840,02/15/18 02:50:00  PM,7.695,,,,
10841,02/15/18 03:00:00  PM,7.695,,,,
10842,02/15/18 03:10:00  PM,7.695,,,,
10843,02/15/18 03:20:00  PM,7.695,,,,
10844,02/15/18 03:30:00  PM,7.720,,,,
10845,02/15/18 03:40:00  PM,7.695,,,,
10846,02/15/18 03:50:00  PM,7.695,,,,
10847,02/15/18 04:00:00  PM,7.695,,,,
10848,02/15/18 04:10:00  PM,7.695,,,,
10849,02/15/18 04:20:00  PM,7.695,,,,
10850,02/15/18 04:30:00  PM,7.695,,,,
10851,02/15/18 04:40:00  PM,7.695,,,,
10852,02/15/18 04:50:00  PM,7.720,,,,
10853,02/15/18 05:00:00  PM,7.720,,,,
10854,02/15/18 05:10:00  PM,7.720,,,,
10855,02/15/18 05:20:00  PM,7.695,,,,
10856,02/15/18 05:30:00  PM,7.695,,,,
10857,02/15/18 05:40:00  PM,7.695,,,,
10858,02/15/18 05:50:00  PM,7.695,,,,
10859,02/15/18 06:00:00  PM,7.670,,,,
10860,02/15/18 06:10:00  PM,7.670,,,,
10861,02/15/18 06:20:00  PM,7.670,,,,
10862,02/15/18 06:30:00  PM,7.695,,,,
10863,02/15/18 06:40:00  PM,7.670,,,,
10864,02/15/18 06:50:00  PM,7.670,,,,
10865,02/15/18 07:00:00  PM,7.670,,,,
10866,02/15/18 07:10:00  PM,7.670,,,,
10867,02/15/18 07:20:00  PM,7.670,,,,
10868,02/15/18 07:30:00  PM,7.645,,,,
10869,02/15/18 07:40:00  PM,7.670,,,,
10870,02/15/18 07:50:00  PM,7.670,,,,
10871,02/15/18 08:00:00  PM,7.670,,,,
10872,02/15/18 08:10:00  PM,7.645,,,,
10873,02/15/18 08:20:00  PM,7.670,,,,
10874,02/15/18 08:30:00  PM,7.645,,,,
10875,02/15/18 08:40:00  PM,7.645,,,,
10876,02/15/18 08:50:00  PM,7.645,,,,
10877,02/15/18 09:00:00  PM,7.645,,,,
10878,02/15/18 09:10:00  PM,7.645,,,,
10879,02/15/18 09:20:00  PM,7.619,,,,
10880,02/15/18 09:30:00  PM,7.619,,,,
10881,02/15/18 09:40:00  PM,7.619,,,,
10882,02/15/18 09:50:00  PM,7.619,,,,
10883,02/15/18 10:00:00  PM,7.619,,,,
10884,02/15/18 10:10:00  PM,7.619,,,,
10885,02/15/18 10:20:00  PM,7.619,,,,
10886,02/15/18 10:30:00  PM,7.619,,,,
10887,02/15/18 10:40:00  PM,7.619,,,,
10888,02/15/18 10:50:00  PM,7.645,,,,
10889,02/15/18 11:00:00  PM,7.645,,,,
10890,02/15/18 11:10:00  PM,7.645,,,,
10891,02/15/18 11:20:00  PM,7.645,,,,
10892,02/15/18 11:30:00  PM,7.645,,,,
10893,02/15/18 11:40:00  PM,7.645,,,,
10894,02/15/18 11:50:00  PM,7.670,,,,
10895,02/16/18 12:00:00  AM,7.670,,,,
10896,02/16/18 12:10:00  AM,7.670,,,,
10897,02/16/18 12:20:00  AM,7.670,,,,
10898,02/16/18 12:30:00  AM,7.670,,,,
10899,02/16/18 12:40:00  AM,7.670,,,,
10900,02/16/18 12:50:00  AM,7.670,,,,
10901,02/16/18 01:00:00  AM,7.670,,,,
10902,02/16/18 01:10:00  AM,7.670,,,,
10903,02/16/18 01:20:00  AM,7.670,,,,
10904,02/16/18 01:30:00  AM,7.670,,,,
10905,02/16/18 01:40:00  AM,7.645,,,,
10906,02/16/18 01:50:00  AM,7.645,,,,
10907,02/16/18 02:00:00  AM,7.645,,,,
10908,02/16/18 02:10:00  AM,7.670,,,,
10909,02/16/18 02:20:00  AM,7.645,,,,
10910,02/16/18 02:30:00  AM,7.670,,,,
10911,02/16/18 02:40:00  AM,7.670,,,,
10912,02/16/18 02:50:00  AM,7.670,,,,
10913,02/16/18 03:00:00  AM,7.670,,,,
10914,02/16/18 03:10:00  AM,7.695,,,,
10915,02/16/18 03:20:00  AM,7.720,,,,
10916,02/16/18 03:30:00  AM,7.720,,,,
10917,02/16/18 03:40:00  AM,7.745,,,,
10918,02/16/18 03:50:00  AM,7.720,,,,
10919,02/16/18 04:00:00  AM,7.720,,,,
10920,02/16/18 04:10:00  AM,7.720,,,,
10921,02/16/18 04:20:00  AM,7.745,,,,
10922,02/16/18 04:30:00  AM,7.745,,,,
10923,02/16/18 04:40:00  AM,7.745,,,,
10924,02/16/18 04:50:00  AM,7.770,,,,
10925,02/16/18 05:00:00  AM,7.770,,,,
10926,02/16/18 05:10:00  AM,7.770,,,,
10927,02/16/18 05:20:00  AM,7.770,,,,
10928,02/16/18 05:30:00  AM,7.745,,,,
10929,02/16/18 05:40:00  AM,7.745,,,,
10930,02/16/18 05:50:00  AM,7.745,,,,
10931,02/16/18 06:00:00  AM,7.745,,,,
10932,02/16/18 06:10:00  AM,7.720,,,,
10933,02/16/18 06:20:00  AM,7.720,,,,
10934,02/16/18 06:30:00  AM,7.695,,,,
10935,02/16/18 06:40:00  AM,7.720,,,,
10936,02/16/18 06:50:00  AM,7.720,,,,
10937,02/16/18 07:00:00  AM,7.720,,,,
10938,02/16/18 07:10:00  AM,7.695,,,,
10939,02/16/18 07:20:00  AM,7.695,,,,
10940,02/16/18 07:30:00  AM,7.670,,,,
10941,02/16/18 07:40:00  AM,7.594,,,,
10942,02/16/18 07:50:00  AM,7.619,,,,
10943,02/16/18 08:00:00  AM,7.619,,,,
10944,02/16/18 08:10:00  AM,7.670,,,,
10945,02/16/18 08:20:00  AM,7.695,,,,
10946,02/16/18 08:30:00  AM,7.670,,,,
10947,02/16/18 08:40:00  AM,7.670,,,,
10948,02/16/18 08:50:00  AM,7.645,,,,
10949,02/16/18 09:00:00  AM,7.645,,,,
10950,02/16/18 09:10:00  AM,7.619,,,,
10951,02/16/18 09:20:00  AM,7.619,,,,
10952,02/16/18 09:30:00  AM,7.619,,,,
10953,02/16/18 09:40:00  AM,7.619,,,,
10954,02/16/18 09:50:00  AM,7.619,,,,
10955,02/16/18 10:00:00  AM,7.594,,,,
10956,02/16/18 10:10:00  AM,7.594,,,,
10957,02/16/18 10:20:00  AM,7.594,,,,
10958,02/16/18 10:30:00  AM,7.594,,,,
10959,02/16/18 10:40:00  AM,7.569,,,,
10960,02/16/18 10:50:00  AM,7.569,,,,
10961,02/16/18 11:00:00  AM,7.569,,,,
10962,02/16/18 11:10:00  AM,7.569,,,,
10963,02/16/18 11:20:00  AM,7.569,,,,
10964,02/16/18 11:30:00  AM,7.544,,,,
10965,02/16/18 11:40:00  AM,7.594,,,,
10966,02/16/18 11:50:00  AM,7.594,,,,
10967,02/16/18 12:00:00  PM,7.619,,,,
10968,02/16/18 12:10:00  PM,7.619,,,,
10969,02/16/18 12:20:00  PM,7.619,,,,
10970,02/16/18 12:30:00  PM,7.619,,,,
10971,02/16/18 12:40:00  PM,7.619,,,,
10972,02/16/18 12:50:00  PM,7.619,,,,
10973,02/16/18 01:00:00  PM,7.670,,,,
10974,02/16/18 01:10:00  PM,7.670,,,,
10975,02/16/18 01:20:00  PM,7.695,,,,
10976,02/16/18 01:30:00  PM,7.695,,,,
10977,02/16/18 01:40:00  PM,7.695,,,,
10978,02/16/18 01:50:00  PM,7.695,,,,
10979,02/16/18 02:00:00  PM,7.695,,,,
10980,02/16/18 02:10:00  PM,7.695,,,,
10981,02/16/18 02:20:00  PM,7.695,,,,
10982,02/16/18 02:30:00  PM,7.695,,,,
10983,02/16/18 02:40:00  PM,7.695,,,,
10984,02/16/18 02:50:00  PM,7.695,,,,
10985,02/16/18 03:00:00  PM,7.695,,,,
10986,02/16/18 03:10:00  PM,7.695,,,,
10987,02/16/18 03:20:00  PM,7.695,,,,
10988,02/16/18 03:30:00  PM,7.720,,,,
10989,02/16/18 03:40:00  PM,7.695,,,,
10990,02/16/18 03:50:00  PM,7.695,,,,
10991,02/16/18 04:00:00  PM,7.695,,,,
10992,02/16/18 04:10:00  PM,7.695,,,,
10993,02/16/18 04:20:00  PM,7.720,,,,
10994,02/16/18 04:30:00  PM,7.720,,,,
10995,02/16/18 04:40:00  PM,7.720,,,,
10996,02/16/18 04:50:00  PM,7.720,,,,
10997,02/16/18 05:00:00  PM,7.720,,,,
10998,02/16/18 05:10:00  PM,7.720,,,,
10999,02/16/18 05:20:00  PM,7.720,,,,
11000,02/16/18 05:30:00  PM,7.720,,,,
11001,02/16/18 05:40:00  PM,7.720,,,,
11002,02/16/18 05:50:00  PM,7.695,,,,
11003,02/16/18 06:00:00  PM,7.695,,,,
11004,02/16/18 06:10:00  PM,7.695,,,,
11005,02/16/18 06:20:00  PM,7.695,,,,
11006,02/16/18 06:30:00  PM,7.670,,,,
11007,02/16/18 06:40:00  PM,7.670,,,,
11008,02/16/18 06:50:00  PM,7.670,,,,
11009,02/16/18 07:00:00  PM,7.645,,,,
11010,02/16/18 07:10:00  PM,7.670,,,,
11011,02/16/18 07:20:00  PM,7.670,,,,
11012,02/16/18 07:30:00  PM,7.670,,,,
11013,02/16/18 07:40:00  PM,7.645,,,,
11014,02/16/18 07:50:00  PM,7.619,,,,
11015,02/16/18 08:00:00  PM,7.594,,,,
11016,02/16/18 08:10:00  PM,7.544,,,,
11017,02/16/18 08:20:00  PM,7.569,,,,
11018,02/16/18 08:30:00  PM,7.544,,,,
11019,02/16/18 08:40:00  PM,7.569,,,,
11020,02/16/18 08:50:00  PM,7.594,,,,
11021,02/16/18 09:00:00  PM,7.594,,,,
11022,02/16/18 09:10:00  PM,7.569,,,,
11023,02/16/18 09:20:00  PM,7.569,,,,
11024,02/16/18 09:30:00  PM,7.569,,,,
11025,02/16/18 09:40:00  PM,7.569,,,,
11026,02/16/18 09:50:00  PM,7.569,,,,
11027,02/16/18 10:00:00  PM,7.569,,,,
11028,02/16/18 10:10:00  PM,7.569,,,,
11029,02/16/18 10:20:00  PM,7.544,,,,
11030,02/16/18 10:30:00  PM,7.519,,,,
11031,02/16/18 10:40:00  PM,7.519,,,,
11032,02/16/18 10:50:00  PM,7.519,,,,
11033,02/16/18 11:00:00  PM,7.519,,,,
11034,02/16/18 11:10:00  PM,7.544,,,,
11035,02/16/18 11:20:00  PM,7.519,,,,
11036,02/16/18 11:30:00  PM,7.519,,,,
11037,02/16/18 11:40:00  PM,7.519,,,,
11038,02/16/18 11:50:00  PM,7.619,,,,
11039,02/17/18 12:00:00  AM,7.569,,,,
11040,02/17/18 12:10:00  AM,7.670,,,,
11041,02/17/18 12:20:00  AM,7.670,,,,
11042,02/17/18 12:30:00  AM,7.645,,,,
11043,02/17/18 12:40:00  AM,7.670,,,,
11044,02/17/18 12:50:00  AM,7.670,,,,
11045,02/17/18 01:00:00  AM,7.695,,,,
11046,02/17/18 01:10:00  AM,7.670,,,,
11047,02/17/18 01:20:00  AM,7.695,,,,
11048,02/17/18 01:30:00  AM,7.670,,,,
11049,02/17/18 01:40:00  AM,7.645,,,,
11050,02/17/18 01:50:00  AM,7.645,,,,
11051,02/17/18 02:00:00  AM,7.670,,,,
11052,02/17/18 02:10:00  AM,7.645,,,,
11053,02/17/18 02:20:00  AM,7.645,,,,
11054,02/17/18 02:30:00  AM,7.645,,,,
11055,02/17/18 02:40:00  AM,7.619,,,,
11056,02/17/18 02:50:00  AM,7.619,,,,
11057,02/17/18 03:00:00  AM,7.594,,,,
11058,02/17/18 03:10:00  AM,7.569,,,,
11059,02/17/18 03:20:00  AM,7.569,,,,
11060,02/17/18 03:30:00  AM,7.569,,,,
11061,02/17/18 03:40:00  AM,7.594,,,,
11062,02/17/18 03:50:00  AM,7.594,,,,
11063,02/17/18 04:00:00  AM,7.594,,,,
11064,02/17/18 04:10:00  AM,7.594,,,,
11065,02/17/18 04:20:00  AM,7.619,,,,
11066,02/17/18 04:30:00  AM,7.670,,,,
11067,02/17/18 04:40:00  AM,7.670,,,,
11068,02/17/18 04:50:00  AM,7.670,,,,
11069,02/17/18 05:00:00  AM,7.670,,,,
11070,02/17/18 05:10:00  AM,7.670,,,,
11071,02/17/18 05:20:00  AM,7.670,,,,
11072,02/17/18 05:30:00  AM,7.670,,,,
11073,02/17/18 05:40:00  AM,7.670,,,,
11074,02/17/18 05:50:00  AM,7.670,,,,
11075,02/17/18 06:00:00  AM,7.670,,,,
11076,02/17/18 06:10:00  AM,7.670,,,,
11077,02/17/18 06:20:00  AM,7.670,,,,
11078,02/17/18 06:30:00  AM,7.645,,,,
11079,02/17/18 06:40:00  AM,7.670,,,,
11080,02/17/18 06:50:00  AM,7.645,,,,
11081,02/17/18 07:00:00  AM,7.670,,,,
11082,02/17/18 07:10:00  AM,7.670,,,,
11083,02/17/18 07:20:00  AM,7.645,,,,
11084,02/17/18 07:30:00  AM,7.619,,,,
11085,02/17/18 07:40:00  AM,7.619,,,,
11086,02/17/18 07:50:00  AM,7.619,,,,
11087,02/17/18 08:00:00  AM,7.619,,,,
11088,02/17/18 08:10:00  AM,7.594,,,,
11089,02/17/18 08:20:00  AM,7.569,,,,
11090,02/17/18 08:30:00  AM,7.569,,,,
11091,02/17/18 08:40:00  AM,7.569,,,,
11092,02/17/18 08:50:00  AM,7.544,,,,
11093,02/17/18 09:00:00  AM,7.544,,,,
11094,02/17/18 09:10:00  AM,7.544,,,,
11095,02/17/18 09:20:00  AM,7.519,,,,
11096,02/17/18 09:30:00  AM,7.544,,,,
11097,02/17/18 09:40:00  AM,7.519,,,,
11098,02/17/18 09:50:00  AM,7.519,,,,
11099,02/17/18 10:00:00  AM,7.519,,,,
11100,02/17/18 10:10:00  AM,7.519,,,,
11101,02/17/18 10:20:00  AM,7.519,,,,
11102,02/17/18 10:30:00  AM,7.544,,,,
11103,02/17/18 10:40:00  AM,7.569,,,,
11104,02/17/18 10:50:00  AM,7.569,,,,
11105,02/17/18 11:00:00  AM,7.569,,,,
11106,02/17/18 11:10:00  AM,7.569,,,,
11107,02/17/18 11:20:00  AM,7.594,,,,
11108,02/17/18 11:30:00  AM,7.569,,,,
11109,02/17/18 11:40:00  AM,7.619,,,,
11110,02/17/18 11:50:00  AM,7.670,,,,
11111,02/17/18 12:00:00  PM,7.670,,,,
11112,02/17/18 12:10:00  PM,7.670,,,,
11113,02/17/18 12:20:00  PM,7.645,,,,
11114,02/17/18 12:30:00  PM,7.695,,,,
11115,02/17/18 12:40:00  PM,7.695,,,,
11116,02/17/18 12:50:00  PM,7.720,,,,
11117,02/17/18 01:00:00  PM,7.720,,,,
11118,02/17/18 01:10:00  PM,7.695,,,,
11119,02/17/18 01:20:00  PM,7.670,,,,
11120,02/17/18 01:30:00  PM,7.670,,,,
11121,02/17/18 01:40:00  PM,7.695,,,,
11122,02/17/18 01:50:00  PM,7.645,,,,
11123,02/17/18 02:00:00  PM,7.720,,,,
11124,02/17/18 02:10:00  PM,7.695,,,,
11125,02/17/18 02:20:00  PM,7.720,,,,
11126,02/17/18 02:30:00  PM,7.720,,,,
11127,02/17/18 02:40:00  PM,7.745,,,,
11128,02/17/18 02:50:00  PM,7.745,,,,
11129,02/17/18 03:00:00  PM,7.770,,,,
11130,02/17/18 03:10:00  PM,7.770,,,,
11131,02/17/18 03:20:00  PM,7.770,,,,
11132,02/17/18 03:30:00  PM,7.795,,,,
11133,02/17/18 03:40:00  PM,7.795,,,,
11134,02/17/18 03:50:00  PM,7.795,,,,
11135,02/17/18 04:00:00  PM,7.795,,,,
11136,02/17/18 04:10:00  PM,7.795,,,,
11137,02/17/18 04:20:00  PM,7.795,,,,
11138,02/17/18 04:30:00  PM,7.795,,,,
11139,02/17/18 04:40:00  PM,7.820,,,,
11140,02/17/18 04:50:00  PM,7.795,,,,
11141,02/17/18 05:00:00  PM,7.820,,,,
11142,02/17/18 05:10:00  PM,7.820,,,,
11143,02/17/18 05:20:00  PM,7.795,,,,
11144,02/17/18 05:30:00  PM,7.795,,,,
11145,02/17/18 05:40:00  PM,7.770,,,,
11146,02/17/18 05:50:00  PM,7.795,,,,
11147,02/17/18 06:00:00  PM,7.770,,,,
11148,02/17/18 06:10:00  PM,7.770,,,,
11149,02/17/18 06:20:00  PM,7.770,,,,
11150,02/17/18 06:30:00  PM,7.770,,,,
11151,02/17/18 06:40:00  PM,7.770,,,,
11152,02/17/18 06:50:00  PM,7.745,,,,
11153,02/17/18 07:00:00  PM,7.720,,,,
11154,02/17/18 07:10:00  PM,7.720,,,,
11155,02/17/18 07:20:00  PM,7.695,,,,
11156,02/17/18 07:30:00  PM,7.670,,,,
11157,02/17/18 07:40:00  PM,7.670,,,,
11158,02/17/18 07:50:00  PM,7.670,,,,
11159,02/17/18 08:00:00  PM,7.670,,,,
11160,02/17/18 08:10:00  PM,7.670,,,,
11161,02/17/18 08:20:00  PM,7.670,,,,
11162,02/17/18 08:30:00  PM,7.619,,,,
11163,02/17/18 08:40:00  PM,7.594,,,,
11164,02/17/18 08:50:00  PM,7.469,,,,
11165,02/17/18 09:00:00  PM,7.469,,,,
11166,02/17/18 09:10:00  PM,7.469,,,,
11167,02/17/18 09:20:00  PM,7.444,,,,
11168,02/17/18 09:30:00  PM,7.444,,,,
11169,02/17/18 09:40:00  PM,7.419,,,,
11170,02/17/18 09:50:00  PM,7.393,,,,
11171,02/17/18 10:00:00  PM,7.444,,,,
11172,02/17/18 10:10:00  PM,7.419,,,,
11173,02/17/18 10:20:00  PM,7.444,,,,
11174,02/17/18 10:30:00  PM,7.444,,,,
11175,02/17/18 10:40:00  PM,7.419,,,,
11176,02/17/18 10:50:00  PM,7.444,,,,
11177,02/17/18 11:00:00  PM,7.469,,,,
11178,02/17/18 11:10:00  PM,7.444,,,,
11179,02/17/18 11:20:00  PM,7.469,,,,
11180,02/17/18 11:30:00  PM,7.494,,,,
11181,02/17/18 11:40:00  PM,7.469,,,,
11182,02/17/18 11:50:00  PM,7.444,,,,
11183,02/18/18 12:00:00  AM,7.444,,,,
11184,02/18/18 12:10:00  AM,7.469,,,,
11185,02/18/18 12:20:00  AM,7.494,,,,
11186,02/18/18 12:30:00  AM,7.519,,,,
11187,02/18/18 12:40:00  AM,7.519,,,,
11188,02/18/18 12:50:00  AM,7.519,,,,
11189,02/18/18 01:00:00  AM,7.494,,,,
11190,02/18/18 01:10:00  AM,7.469,,,,
11191,02/18/18 01:20:00  AM,7.494,,,,
11192,02/18/18 01:30:00  AM,7.469,,,,
11193,02/18/18 01:40:00  AM,7.469,,,,
11194,02/18/18 01:50:00  AM,7.519,,,,
11195,02/18/18 02:00:00  AM,7.494,,,,
11196,02/18/18 02:10:00  AM,7.494,,,,
11197,02/18/18 02:20:00  AM,7.469,,,,
11198,02/18/18 02:30:00  AM,7.494,,,,
11199,02/18/18 02:40:00  AM,7.494,,,,
11200,02/18/18 02:50:00  AM,7.469,,,,
11201,02/18/18 03:00:00  AM,7.469,,,,
11202,02/18/18 03:10:00  AM,7.494,,,,
11203,02/18/18 03:20:00  AM,7.519,,,,
11204,02/18/18 03:30:00  AM,7.519,,,,
11205,02/18/18 03:40:00  AM,7.544,,,,
11206,02/18/18 03:50:00  AM,7.569,,,,
11207,02/18/18 04:00:00  AM,7.594,,,,
11208,02/18/18 04:10:00  AM,7.619,,,,
11209,02/18/18 04:20:00  AM,7.645,,,,
11210,02/18/18 04:30:00  AM,7.645,,,,
11211,02/18/18 04:40:00  AM,7.645,,,,
11212,02/18/18 04:50:00  AM,7.619,,,,
11213,02/18/18 05:00:00  AM,7.645,,,,
11214,02/18/18 05:10:00  AM,7.670,,,,
11215,02/18/18 05:20:00  AM,7.670,,,,
11216,02/18/18 05:30:00  AM,7.645,,,,
11217,02/18/18 05:40:00  AM,7.645,,,,
11218,02/18/18 05:50:00  AM,7.619,,,,
11219,02/18/18 06:00:00  AM,7.619,,,,
11220,02/18/18 06:10:00  AM,7.594,,,,
11221,02/18/18 06:20:00  AM,7.569,,,,
11222,02/18/18 06:30:00  AM,7.544,,,,
11223,02/18/18 06:40:00  AM,7.519,,,,
11224,02/18/18 06:50:00  AM,7.519,,,,
11225,02/18/18 07:00:00  AM,7.494,,,,
11226,02/18/18 07:10:00  AM,7.469,,,,
11227,02/18/18 07:20:00  AM,7.444,,,,
11228,02/18/18 07:30:00  AM,7.419,,,,
11229,02/18/18 07:40:00  AM,7.419,,,,
11230,02/18/18 07:50:00  AM,7.393,,,,
11231,02/18/18 08:00:00  AM,7.368,,,,
11232,02/18/18 08:10:00  AM,7.343,,,,
11233,02/18/18 08:20:00  AM,7.318,,,,
11234,02/18/18 08:30:00  AM,7.318,,,,
11235,02/18/18 08:40:00  AM,7.293,,,,
11236,02/18/18 08:50:00  AM,7.268,,,,
11237,02/18/18 09:00:00  AM,7.242,,,,
11238,02/18/18 09:10:00  AM,7.242,,,,
11239,02/18/18 09:20:00  AM,7.192,,,,
11240,02/18/18 09:30:00  AM,7.167,,,,
11241,02/18/18 09:40:00  AM,7.142,,,,
11242,02/18/18 09:50:00  AM,7.116,,,,
11243,02/18/18 10:00:00  AM,7.116,,,,
11244,02/18/18 10:10:00  AM,7.116,,,,
11245,02/18/18 10:20:00  AM,7.167,,,,
11246,02/18/18 10:30:00  AM,7.192,,,,
11247,02/18/18 10:40:00  AM,7.192,,,,
11248,02/18/18 10:50:00  AM,7.242,,,,
11249,02/18/18 11:00:00  AM,7.217,,,,
11250,02/18/18 11:10:00  AM,7.242,,,,
11251,02/18/18 11:20:00  AM,7.293,,,,
11252,02/18/18 11:30:00  AM,7.343,,,,
11253,02/18/18 11:40:00  AM,7.343,,,,
11254,02/18/18 11:50:00  AM,7.368,,,,
11255,02/18/18 12:00:00  PM,7.419,,,,
11256,02/18/18 12:10:00  PM,7.419,,,,
11257,02/18/18 12:20:00  PM,7.695,,,,
11258,02/18/18 12:30:00  PM,7.695,,,,
11259,02/18/18 12:40:00  PM,7.695,,,,
11260,02/18/18 12:50:00  PM,7.745,,,,
11261,02/18/18 01:00:00  PM,7.695,,,,
11262,02/18/18 01:10:00  PM,7.720,,,,
11263,02/18/18 01:20:00  PM,7.795,,,,
11264,02/18/18 01:30:00  PM,7.795,,,,
11265,02/18/18 01:40:00  PM,7.795,,,,
11266,02/18/18 01:50:00  PM,7.795,,,,
11267,02/18/18 02:00:00  PM,7.795,,,,
11268,02/18/18 02:10:00  PM,7.795,,,,
11269,02/18/18 02:20:00  PM,7.820,,,,
11270,02/18/18 02:30:00  PM,7.795,,,,
11271,02/18/18 02:40:00  PM,7.795,,,,
11272,02/18/18 02:50:00  PM,7.795,,,,
11273,02/18/18 03:00:00  PM,7.795,,,,
11274,02/18/18 03:10:00  PM,7.795,,,,
11275,02/18/18 03:20:00  PM,7.795,,,,
11276,02/18/18 03:30:00  PM,7.795,,,,
11277,02/18/18 03:40:00  PM,7.820,,,,
11278,02/18/18 03:50:00  PM,7.820,,,,
11279,02/18/18 04:00:00  PM,7.820,,,,
11280,02/18/18 04:10:00  PM,7.795,,,,
11281,02/18/18 04:20:00  PM,7.795,,,,
11282,02/18/18 04:30:00  PM,7.820,,,,
11283,02/18/18 04:40:00  PM,7.820,,,,
11284,02/18/18 04:50:00  PM,7.820,,,,
11285,02/18/18 05:00:00  PM,7.820,,,,
11286,02/18/18 05:10:00  PM,7.820,,,,
11287,02/18/18 05:20:00  PM,7.820,,,,
11288,02/18/18 05:30:00  PM,7.820,,,,
11289,02/18/18 05:40:00  PM,7.820,,,,
11290,02/18/18 05:50:00  PM,7.820,,,,
11291,02/18/18 06:00:00  PM,7.820,,,,
11292,02/18/18 06:10:00  PM,7.820,,,,
11293,02/18/18 06:20:00  PM,7.820,,,,
11294,02/18/18 06:30:00  PM,7.820,,,,
11295,02/18/18 06:40:00  PM,7.820,,,,
11296,02/18/18 06:50:00  PM,7.820,,,,
11297,02/18/18 07:00:00  PM,7.795,,,,
11298,02/18/18 07:10:00  PM,7.795,,,,
11299,02/18/18 07:20:00  PM,7.770,,,,
11300,02/18/18 07:30:00  PM,7.745,,,,
11301,02/18/18 07:40:00  PM,7.745,,,,
11302,02/18/18 07:50:00  PM,7.720,,,,
11303,02/18/18 08:00:00  PM,7.720,,,,
11304,02/18/18 08:10:00  PM,7.695,,,,
11305,02/18/18 08:20:00  PM,7.695,,,,
11306,02/18/18 08:30:00  PM,7.670,,,,
11307,02/18/18 08:40:00  PM,7.670,,,,
11308,02/18/18 08:50:00  PM,7.670,,,,
11309,02/18/18 09:00:00  PM,7.619,,,,
11310,02/18/18 09:10:00  PM,7.670,,,,
11311,02/18/18 09:20:00  PM,7.670,,,,
11312,02/18/18 09:30:00  PM,7.670,,,,
11313,02/18/18 09:40:00  PM,7.670,,,,
11314,02/18/18 09:50:00  PM,7.720,,,,
11315,02/18/18 10:00:00  PM,7.720,,,,
11316,02/18/18 10:10:00  PM,7.695,,,,
11317,02/18/18 10:20:00  PM,7.670,,,,
11318,02/18/18 10:30:00  PM,7.670,,,,
11319,02/18/18 10:40:00  PM,7.645,,,,
11320,02/18/18 10:50:00  PM,7.619,,,,
11321,02/18/18 11:00:00  PM,7.594,,,,
11322,02/18/18 11:10:00  PM,7.569,,,,
11323,02/18/18 11:20:00  PM,7.569,,,,
11324,02/18/18 11:30:00  PM,7.569,,,,
11325,02/18/18 11:40:00  PM,7.494,,,,
11326,02/18/18 11:50:00  PM,7.519,,,,
11327,02/19/18 12:00:00  AM,7.494,,,,
11328,02/19/18 12:10:00  AM,7.519,,,,
11329,02/19/18 12:20:00  AM,7.544,,,,
11330,02/19/18 12:30:00  AM,7.544,,,,
11331,02/19/18 12:40:00  AM,7.519,,,,
11332,02/19/18 12:50:00  AM,7.519,,,,
11333,02/19/18 01:00:00  AM,7.519,,,,
11334,02/19/18 01:10:00  AM,7.569,,,,
11335,02/19/18 01:20:00  AM,7.519,,,,
11336,02/19/18 01:30:00  AM,7.519,,,,
11337,02/19/18 01:40:00  AM,7.544,,,,
11338,02/19/18 01:50:00  AM,7.544,,,,
11339,02/19/18 02:00:00  AM,7.519,,,,
11340,02/19/18 02:10:00  AM,7.519,,,,
11341,02/19/18 02:20:00  AM,7.519,,,,
11342,02/19/18 02:30:00  AM,7.619,,,,
11343,02/19/18 02:40:00  AM,7.645,,,,
11344,02/19/18 02:50:00  AM,7.619,,,,
11345,02/19/18 03:00:00  AM,7.619,,,,
11346,02/19/18 03:10:00  AM,7.645,,,,
11347,02/19/18 03:20:00  AM,7.670,,,,
11348,02/19/18 03:30:00  AM,7.720,,,,
11349,02/19/18 03:40:00  AM,7.695,,,,
11350,02/19/18 03:50:00  AM,7.720,,,,
11351,02/19/18 04:00:00  AM,7.720,,,,
11352,02/19/18 04:10:00  AM,7.770,,,,
11353,02/19/18 04:20:00  AM,7.770,,,,
11354,02/19/18 04:30:00  AM,7.770,,,,
11355,02/19/18 04:40:00  AM,7.795,,,,
11356,02/19/18 04:50:00  AM,7.795,,,,
11357,02/19/18 05:00:00  AM,7.845,,,,
11358,02/19/18 05:10:00  AM,7.820,,,,
11359,02/19/18 05:20:00  AM,7.820,,,,
11360,02/19/18 05:30:00  AM,7.795,,,,
11361,02/19/18 05:40:00  AM,7.795,,,,
11362,02/19/18 05:50:00  AM,7.795,,,,
11363,02/19/18 06:00:00  AM,7.770,,,,
11364,02/19/18 06:10:00  AM,7.795,,,,
11365,02/19/18 06:20:00  AM,7.795,,,,
11366,02/19/18 06:30:00  AM,7.745,,,,
11367,02/19/18 06:40:00  AM,7.745,,,,
11368,02/19/18 06:50:00  AM,7.695,,,,
11369,02/19/18 07:00:00  AM,7.695,,,,
11370,02/19/18 07:10:00  AM,7.469,,,,
11371,02/19/18 07:20:00  AM,7.419,,,,
11372,02/19/18 07:30:00  AM,7.343,,,,
11373,02/19/18 07:40:00  AM,7.368,,,,
11374,02/19/18 07:50:00  AM,7.343,,,,
11375,02/19/18 08:00:00  AM,7.318,,,,
11376,02/19/18 08:10:00  AM,7.268,,,,
11377,02/19/18 08:20:00  AM,7.242,,,,
11378,02/19/18 08:30:00  AM,7.217,,,,
11379,02/19/18 08:40:00  AM,7.217,,,,
11380,02/19/18 08:50:00  AM,7.192,,,,
11381,02/19/18 09:00:00  AM,7.217,,,,
11382,02/19/18 09:10:00  AM,7.192,,,,
11383,02/19/18 09:20:00  AM,7.167,,,,
11384,02/19/18 09:30:00  AM,7.142,,,,
11385,02/19/18 09:40:00  AM,7.091,,,,
11386,02/19/18 09:50:00  AM,7.041,,,,
11387,02/19/18 10:00:00  AM,7.015,,,,
11388,02/19/18 10:10:00  AM,7.015,,,,
11389,02/19/18 10:20:00  AM,7.041,,,,
11390,02/19/18 10:30:00  AM,7.041,,,,
11391,02/19/18 10:40:00  AM,7.066,,,,
11392,02/19/18 10:50:00  AM,7.116,,,,
11393,02/19/18 11:00:00  AM,7.268,,,,
11394,02/19/18 11:10:00  AM,7.217,,,,
11395,02/19/18 11:20:00  AM,7.268,,,,
11396,02/19/18 11:30:00  AM,7.217,,,,
11397,02/19/18 11:40:00  AM,7.293,,,,
11398,02/19/18 11:50:00  AM,7.167,,,,
11399,02/19/18 12:00:00  PM,7.142,,,,
11400,02/19/18 12:10:00  PM,7.142,,,,
11401,02/19/18 12:20:00  PM,7.142,,,,
11402,02/19/18 12:30:00  PM,7.116,,,,
11403,02/19/18 12:40:00  PM,7.116,,,,
11404,02/19/18 12:50:00  PM,7.318,,,,
11405,02/19/18 01:00:00  PM,7.116,,,,
11406,02/19/18 01:10:00  PM,7.318,,,,
11407,02/19/18 01:20:00  PM,7.318,,,,
11408,02/19/18 01:30:00  PM,7.293,,,,
11409,02/19/18 01:40:00  PM,7.720,,,,
11410,02/19/18 01:50:00  PM,7.720,,,,
11411,02/19/18 02:00:00  PM,7.770,,,,
11412,02/19/18 02:10:00  PM,7.795,,,,
11413,02/19/18 02:20:00  PM,7.845,,,,
11414,02/19/18 02:30:00  PM,7.870,,,,
11415,02/19/18 02:40:00  PM,7.795,,,,
11416,02/19/18 02:50:00  PM,7.845,,,,
11417,02/19/18 03:00:00  PM,7.870,,,,
11418,02/19/18 03:10:00  PM,7.870,,,,
11419,02/19/18 03:20:00  PM,7.870,,,,
11420,02/19/18 03:30:00  PM,7.870,,,,
11421,02/19/18 03:40:00  PM,7.845,,,,
11422,02/19/18 03:50:00  PM,7.870,,,,
11423,02/19/18 04:00:00  PM,7.895,,,,
11424,02/19/18 04:10:00  PM,7.895,,,,
11425,02/19/18 04:20:00  PM,7.895,,,,
11426,02/19/18 04:30:00  PM,7.895,,,,
11427,02/19/18 04:40:00  PM,7.895,,,,
11428,02/19/18 04:50:00  PM,7.895,,,,
11429,02/19/18 05:00:00  PM,7.895,,,,
11430,02/19/18 05:10:00  PM,7.895,,,,
11431,02/19/18 05:20:00  PM,7.895,,,,
11432,02/19/18 05:30:00  PM,7.895,,,,
11433,02/19/18 05:40:00  PM,7.895,,,,
11434,02/19/18 05:50:00  PM,7.870,,,,
11435,02/19/18 06:00:00  PM,7.870,,,,
11436,02/19/18 06:10:00  PM,7.870,,,,
11437,02/19/18 06:20:00  PM,7.870,,,,
11438,02/19/18 06:30:00  PM,7.870,,,,
11439,02/19/18 06:40:00  PM,7.870,,,,
11440,02/19/18 06:50:00  PM,7.870,,,,
11441,02/19/18 07:00:00  PM,7.870,,,,
11442,02/19/18 07:10:00  PM,7.870,,,,
11443,02/19/18 07:20:00  PM,7.870,,,,
11444,02/19/18 07:30:00  PM,7.870,,,,
11445,02/19/18 07:40:00  PM,7.870,,,,
11446,02/19/18 07:50:00  PM,7.870,,,,
11447,02/19/18 08:00:00  PM,7.845,,,,
11448,02/19/18 08:10:00  PM,7.845,,,,
11449,02/19/18 08:20:00  PM,7.845,,,,
11450,02/19/18 08:30:00  PM,7.820,,,,
11451,02/19/18 08:40:00  PM,7.820,,,,
11452,02/19/18 08:50:00  PM,7.795,,,,
11453,02/19/18 09:00:00  PM,7.795,,,,
11454,02/19/18 09:10:00  PM,7.795,,,,
11455,02/19/18 09:20:00  PM,7.770,,,,
11456,02/19/18 09:30:00  PM,7.695,,,,
11457,02/19/18 09:40:00  PM,7.670,,,,
11458,02/19/18 09:50:00  PM,7.619,,,,
11459,02/19/18 10:00:00  PM,7.444,,,,
11460,02/19/18 10:10:00  PM,7.469,,,,
11461,02/19/18 10:20:00  PM,7.544,,,,
11462,02/19/18 10:30:00  PM,7.519,,,,
11463,02/19/18 10:40:00  PM,7.494,,,,
11464,02/19/18 10:50:00  PM,7.444,,,,
11465,02/19/18 11:00:00  PM,7.393,,,,
11466,02/19/18 11:10:00  PM,7.419,,,,
11467,02/19/18 11:20:00  PM,7.368,,,,
11468,02/19/18 11:30:00  PM,7.393,,,,
11469,02/19/18 11:40:00  PM,7.368,,,,
11470,02/19/18 11:50:00  PM,7.419,,,,
11471,02/20/18 12:00:00  AM,7.318,,,,
11472,02/20/18 12:10:00  AM,7.293,,,,
11473,02/20/18 12:20:00  AM,7.293,,,,
11474,02/20/18 12:30:00  AM,7.268,,,,
11475,02/20/18 12:40:00  AM,7.268,,,,
11476,02/20/18 12:50:00  AM,7.268,,,,
11477,02/20/18 01:00:00  AM,7.293,,,,
11478,02/20/18 01:10:00  AM,7.217,,,,
11479,02/20/18 01:20:00  AM,7.242,,,,
11480,02/20/18 01:30:00  AM,7.242,,,,
11481,02/20/18 01:40:00  AM,7.318,,,,
11482,02/20/18 01:50:00  AM,7.242,,,,
11483,02/20/18 02:00:00  AM,7.393,,,,
11484,02/20/18 02:10:00  AM,7.469,,,,
11485,02/20/18 02:20:00  AM,7.469,,,,
11486,02/20/18 02:30:00  AM,7.469,,,,
11487,02/20/18 02:40:00  AM,7.544,,,,
11488,02/20/18 02:50:00  AM,7.619,,,,
11489,02/20/18 03:00:00  AM,7.670,,,,
11490,02/20/18 03:10:00  AM,7.670,,,,
11491,02/20/18 03:20:00  AM,7.645,,,,
11492,02/20/18 03:30:00  AM,7.820,,,,
11493,02/20/18 03:40:00  AM,7.895,,,,
11494,02/20/18 03:50:00  AM,7.920,,,,
11495,02/20/18 04:00:00  AM,7.920,,,,
11496,02/20/18 04:10:00  AM,7.920,,,,
11497,02/20/18 04:20:00  AM,7.870,,,,
11498,02/20/18 04:30:00  AM,7.920,,,,
11499,02/20/18 04:40:00  AM,7.895,,,,
11500,02/20/18 04:50:00  AM,7.920,,,,
11501,02/20/18 05:00:00  AM,7.920,,,,
11502,02/20/18 05:10:00  AM,7.920,,,,
11503,02/20/18 05:20:00  AM,7.920,,,,
11504,02/20/18 05:30:00  AM,7.920,,,,
11505,02/20/18 05:40:00  AM,7.920,,,,
11506,02/20/18 05:50:00  AM,7.920,,,,
11507,02/20/18 06:00:00  AM,7.945,,,,
11508,02/20/18 06:10:00  AM,7.945,,,,
11509,02/20/18 06:20:00  AM,7.945,,,,
11510,02/20/18 06:30:00  AM,7.945,,,,
11511,02/20/18 06:40:00  AM,7.945,,,,
11512,02/20/18 06:50:00  AM,7.945,,,,
11513,02/20/18 07:00:00  AM,7.945,,,,
11514,02/20/18 07:10:00  AM,7.945,,,,
11515,02/20/18 07:20:00  AM,7.945,,,,
11516,02/20/18 07:30:00  AM,7.920,,,,
11517,02/20/18 07:40:00  AM,7.920,,,,
11518,02/20/18 07:50:00  AM,7.895,,,,
11519,02/20/18 08:00:00  AM,7.895,,,,
11520,02/20/18 08:10:00  AM,7.895,,,,
11521,02/20/18 08:20:00  AM,7.920,,,,
11522,02/20/18 08:30:00  AM,7.895,,,,
11523,02/20/18 08:40:00  AM,7.895,,,,
11524,02/20/18 08:50:00  AM,7.870,,,,
11525,02/20/18 09:00:00  AM,7.845,,,,
11526,02/20/18 09:10:00  AM,7.795,,,,
11527,02/20/18 09:20:00  AM,7.720,,,,
11528,02/20/18 09:30:00  AM,7.519,,,,
11529,02/20/18 09:40:00  AM,7.469,,,,
11530,02/20/18 09:50:00  AM,7.419,,,,
11531,02/20/18 10:00:00  AM,7.393,,,,
11532,02/20/18 10:10:00  AM,7.368,,,,
11533,02/20/18 10:20:00  AM,7.318,,,,
11534,02/20/18 10:30:00  AM,7.318,,,,
11535,02/20/18 10:40:00  AM,7.293,,,,
11536,02/20/18 10:50:00  AM,7.268,,,,
11537,02/20/18 11:00:00  AM,7.217,,,,
11538,02/20/18 11:10:00  AM,7.217,,,,
11539,02/20/18 11:20:00  AM,7.192,,,,
11540,02/20/18 11:30:00  AM,7.167,,,,
11541,02/20/18 11:40:00  AM,7.343,,,,
11542,02/20/18 11:50:00  AM,7.293,,,,
11543,02/20/18 12:00:00  PM,7.318,,,,
11544,02/20/18 12:10:00  PM,7.318,,,,
11545,02/20/18 12:20:00  PM,7.293,,,,
11546,02/20/18 12:30:00  PM,7.242,,,,
11547,02/20/18 12:40:00  PM,7.293,,,,
11548,02/20/18 12:50:00  PM,7.268,,,,
11549,02/20/18 01:00:00  PM,7.318,,,,
11550,02/20/18 01:10:00  PM,7.318,,,,
11551,02/20/18 01:20:00  PM,7.318,,,,
11552,02/20/18 01:30:00  PM,7.293,,,,
11553,02/20/18 01:40:00  PM,7.318,,,,
11554,02/20/18 01:50:00  PM,7.318,,,,
11555,02/20/18 02:00:00  PM,7.343,,,,
11556,02/20/18 02:10:00  PM,7.393,,,,
11557,02/20/18 02:20:00  PM,7.444,,,,
11558,02/20/18 02:30:00  PM,7.670,,,,
11559,02/20/18 02:40:00  PM,7.745,,,,
11560,02/20/18 02:50:00  PM,7.845,,,,
11561,02/20/18 03:00:00  PM,7.870,,,,
11562,02/20/18 03:10:00  PM,7.920,,,,
11563,02/20/18 03:20:00  PM,7.895,,,,
11564,02/20/18 03:30:00  PM,7.895,,,,
11565,02/20/18 03:40:00  PM,7.845,,,,
11566,02/20/18 03:50:00  PM,7.870,,,,
11567,02/20/18 04:00:00  PM,7.870,,,,
11568,02/20/18 04:10:00  PM,7.870,,,,
11569,02/20/18 04:20:00  PM,7.895,,,,
11570,02/20/18 04:30:00  PM,7.895,,,,
11571,02/20/18 04:40:00  PM,7.895,,,,
11572,02/20/18 04:50:00  PM,7.920,,,,
11573,02/20/18 05:00:00  PM,7.920,,,,
11574,02/20/18 05:10:00  PM,7.920,,,,
11575,02/20/18 05:20:00  PM,7.920,,,,
11576,02/20/18 05:30:00  PM,7.870,,,,
11577,02/20/18 05:40:00  PM,7.870,,,,
11578,02/20/18 05:50:00  PM,7.870,,,,
11579,02/20/18 06:00:00  PM,7.870,,,,
11580,02/20/18 06:10:00  PM,7.870,,,,
11581,02/20/18 06:20:00  PM,7.845,,,,
11582,02/20/18 06:30:00  PM,7.845,,,,
11583,02/20/18 06:40:00  PM,7.820,,,,
11584,02/20/18 06:50:00  PM,7.870,,,,
11585,02/20/18 07:00:00  PM,7.845,,,,
11586,02/20/18 07:10:00  PM,7.845,,,,
11587,02/20/18 07:20:00  PM,7.845,,,,
11588,02/20/18 07:30:00  PM,7.845,,,,
11589,02/20/18 07:40:00  PM,7.845,,,,
11590,02/20/18 07:50:00  PM,7.820,,,,
11591,02/20/18 08:00:00  PM,7.820,,,,
11592,02/20/18 08:10:00  PM,7.820,,,,
11593,02/20/18 08:20:00  PM,7.795,,,,
11594,02/20/18 08:30:00  PM,7.795,,,,
11595,02/20/18 08:40:00  PM,7.770,,,,
11596,02/20/18 08:50:00  PM,7.745,,,,
11597,02/20/18 09:00:00  PM,7.720,,,,
11598,02/20/18 09:10:00  PM,7.720,,,,
11599,02/20/18 09:20:00  PM,7.695,,,,
11600,02/20/18 09:30:00  PM,7.695,,,,
11601,02/20/18 09:40:00  PM,7.670,,,,
11602,02/20/18 09:50:00  PM,7.494,,,,
11603,02/20/18 10:00:00  PM,7.419,,,,
11604,02/20/18 10:10:00  PM,7.318,,,,
11605,02/20/18 10:20:00  PM,7.293,,,,
11606,02/20/18 10:30:00  PM,7.268,,,,
11607,02/20/18 10:40:00  PM,7.242,,,,
11608,02/20/18 10:50:00  PM,7.217,,,,
11609,02/20/18 11:00:00  PM,7.318,,,,
11610,02/20/18 11:10:00  PM,7.368,,,,
11611,02/20/18 11:20:00  PM,7.393,,,,
11612,02/20/18 11:30:00  PM,7.242,,,,
11613,02/20/18 11:40:00  PM,7.268,,,,
11614,02/20/18 11:50:00  PM,7.368,,,,
11615,02/21/18 12:00:00  AM,7.318,,,,
11616,02/21/18 12:10:00  AM,7.368,,,,
11617,02/21/18 12:20:00  AM,7.293,,,,
11618,02/21/18 12:30:00  AM,7.293,,,,
11619,02/21/18 12:40:00  AM,7.318,,,,
11620,02/21/18 12:50:00  AM,7.343,,,,
11621,02/21/18 01:00:00  AM,7.268,,,,
11622,02/21/18 01:10:00  AM,7.268,,,,
11623,02/21/18 01:20:00  AM,7.217,,,,
11624,02/21/18 01:30:00  AM,7.217,,,,
11625,02/21/18 01:40:00  AM,7.192,,,,
11626,02/21/18 01:50:00  AM,7.192,,,,
11627,02/21/18 02:00:00  AM,7.217,,,,
11628,02/21/18 02:10:00  AM,7.192,,,,
11629,02/21/18 02:20:00  AM,7.217,,,,
11630,02/21/18 02:30:00  AM,7.217,,,,
11631,02/21/18 02:40:00  AM,7.242,,,,
11632,02/21/18 02:50:00  AM,7.268,,,,
11633,02/21/18 03:00:00  AM,7.242,,,,
11634,02/21/18 03:10:00  AM,7.242,,,,
11635,02/21/18 03:20:00  AM,7.619,,,,
11636,02/21/18 03:30:00  AM,7.569,,,,
11637,02/21/18 03:40:00  AM,7.569,,,,
11638,02/21/18 03:50:00  AM,7.670,,,,
11639,02/21/18 04:00:00  AM,7.720,,,,
11640,02/21/18 04:10:00  AM,7.745,,,,
11641,02/21/18 04:20:00  AM,7.670,,,,
11642,02/21/18 04:30:00  AM,7.720,,,,
11643,02/21/18 04:40:00  AM,7.870,,,,
11644,02/21/18 04:50:00  AM,7.845,,,,
11645,02/21/18 05:00:00  AM,7.845,,,,
11646,02/21/18 05:10:00  AM,7.870,,,,
11647,02/21/18 05:20:00  AM,7.870,,,,
11648,02/21/18 05:30:00  AM,7.895,,,,
11649,02/21/18 05:40:00  AM,7.870,,,,
11650,02/21/18 05:50:00  AM,7.870,,,,
11651,02/21/18 06:00:00  AM,7.870,,,,
11652,02/21/18 06:10:00  AM,7.870,,,,
11653,02/21/18 06:20:00  AM,7.870,,,,
11654,02/21/18 06:30:00  AM,7.845,,,,
11655,02/21/18 06:40:00  AM,7.870,,,,
11656,02/21/18 06:50:00  AM,7.870,,,,
11657,02/21/18 07:00:00  AM,7.870,,,,
11658,02/21/18 07:10:00  AM,7.870,,,,
11659,02/21/18 07:20:00  AM,7.870,,,,
11660,02/21/18 07:30:00  AM,7.870,,,,
11661,02/21/18 07:40:00  AM,7.870,,,,
11662,02/21/18 07:50:00  AM,7.870,,,,
11663,02/21/18 08:00:00  AM,7.845,,,,
11664,02/21/18 08:10:00  AM,7.820,,,,
11665,02/21/18 08:20:00  AM,7.820,,,,
11666,02/21/18 08:30:00  AM,7.795,,,,
11667,02/21/18 08:40:00  AM,7.770,,,,
11668,02/21/18 08:50:00  AM,7.745,,,,
11669,02/21/18 09:00:00  AM,7.720,,,,
11670,02/21/18 09:10:00  AM,7.670,,,,
11671,02/21/18 09:20:00  AM,7.670,,,,
11672,02/21/18 09:30:00  AM,7.670,,,,
11673,02/21/18 09:40:00  AM,7.594,,,,
11674,02/21/18 09:50:00  AM,7.544,,,,
11675,02/21/18 10:00:00  AM,7.469,,,,
11676,02/21/18 10:10:00  AM,7.393,,,,
11677,02/21/18 10:20:00  AM,7.368,,,,
11678,02/21/18 10:30:00  AM,7.343,,,,
11679,02/21/18 10:40:00  AM,7.343,,,,
11680,02/21/18 10:50:00  AM,7.318,,,,
11681,02/21/18 11:00:00  AM,7.393,,,,
11682,02/21/18 11:10:00  AM,7.368,,,,
11683,02/21/18 11:20:00  AM,7.393,,,,
11684,02/21/18 11:30:00  AM,7.318,,,,
11685,02/21/18 11:40:00  AM,7.192,,,,
11686,02/21/18 11:50:00  AM,7.192,,,,
11687,02/21/18 12:00:00  PM,7.293,,,,
11688,02/21/18 12:10:00  PM,7.293,,,,
11689,02/21/18 12:20:00  PM,7.393,,,,
11690,02/21/18 12:30:00  PM,7.343,,,,
11691,02/21/18 12:40:00  PM,7.368,,,,
11692,02/21/18 12:50:00  PM,7.393,,,,
11693,02/21/18 01:00:00  PM,7.393,,,,
11694,02/21/18 01:10:00  PM,7.419,,,,
11695,02/21/18 01:20:00  PM,7.494,,,,
11696,02/21/18 01:30:00  PM,7.469,,,,
11697,02/21/18 01:40:00  PM,7.469,,,,
11698,02/21/18 01:50:00  PM,7.569,,,,
11699,02/21/18 02:00:00  PM,7.569,,,,
11700,02/21/18 02:10:00  PM,7.569,,,,
11701,02/21/18 02:20:00  PM,7.569,,,,
11702,02/21/18 02:30:00  PM,7.645,,,,
11703,02/21/18 02:40:00  PM,7.670,,,,
11704,02/21/18 02:50:00  PM,7.670,,,,
11705,02/21/18 03:00:00  PM,7.745,,,,
11706,02/21/18 03:10:00  PM,7.770,,,,
11707,02/21/18 03:20:00  PM,7.745,,,,
11708,02/21/18 03:30:00  PM,7.770,,,,
11709,02/21/18 03:40:00  PM,7.770,,,,
11710,02/21/18 03:50:00  PM,7.770,,,,
11711,02/21/18 04:00:00  PM,7.795,,,,
11712,02/21/18 04:10:00  PM,7.820,,,,
11713,02/21/18 04:20:00  PM,7.820,,,,
11714,02/21/18 04:30:00  PM,7.820,,,,
11715,02/21/18 04:40:00  PM,7.795,,,,
11716,02/21/18 04:50:00  PM,7.845,,,,
11717,02/21/18 05:00:00  PM,7.870,,,,
11718,02/21/18 05:10:00  PM,7.870,,,,
11719,02/21/18 05:20:00  PM,7.870,,,,
11720,02/21/18 05:30:00  PM,7.870,,,,
11721,02/21/18 05:40:00  PM,7.870,,,,
11722,02/21/18 05:50:00  PM,7.845,,,,
11723,02/21/18 06:00:00  PM,7.845,,,,
11724,02/21/18 06:10:00  PM,7.845,,,,
11725,02/21/18 06:20:00  PM,7.845,,,,
11726,02/21/18 06:30:00  PM,7.820,,,,
11727,02/21/18 06:40:00  PM,7.820,,,,
11728,02/21/18 06:50:00  PM,7.820,,,,
11729,02/21/18 07:00:00  PM,7.820,,,,
11730,02/21/18 07:10:00  PM,7.795,,,,
11731,02/21/18 07:20:00  PM,7.820,,,,
11732,02/21/18 07:30:00  PM,7.820,,,,
11733,02/21/18 07:40:00  PM,7.870,,,,
11734,02/21/18 07:50:00  PM,7.870,,,,
11735,02/21/18 08:00:00  PM,7.895,,,,
11736,02/21/18 08:10:00  PM,7.895,,,,
11737,02/21/18 08:20:00  PM,7.870,,,,
11738,02/21/18 08:30:00  PM,7.895,,,,
11739,02/21/18 08:40:00  PM,7.870,,,,
11740,02/21/18 08:50:00  PM,7.870,,,,
11741,02/21/18 09:00:00  PM,7.870,,,,
11742,02/21/18 09:10:00  PM,7.870,,,,
11743,02/21/18 09:20:00  PM,7.870,,,,
11744,02/21/18 09:30:00  PM,7.845,,,,
11745,02/21/18 09:40:00  PM,7.870,,,,
11746,02/21/18 09:50:00  PM,7.870,,,,
11747,02/21/18 10:00:00  PM,7.870,,,,
11748,02/21/18 10:10:00  PM,7.845,,,,
11749,02/21/18 10:20:00  PM,7.845,,,,
11750,02/21/18 10:30:00  PM,7.820,,,,
11751,02/21/18 10:40:00  PM,7.745,,,,
11752,02/21/18 10:50:00  PM,7.720,,,,
11753,02/21/18 11:00:00  PM,7.695,,,,
11754,02/21/18 11:10:00  PM,7.645,,,,
11755,02/21/18 11:20:00  PM,7.645,,,,
11756,02/21/18 11:30:00  PM,7.619,,,,
11757,02/21/18 11:40:00  PM,7.569,,,,
11758,02/21/18 11:50:00  PM,7.519,,,,
11759,02/22/18 12:00:00  AM,7.519,,,,
11760,02/22/18 12:10:00  AM,7.469,,,,
11761,02/22/18 12:20:00  AM,7.444,,,,
11762,02/22/18 12:30:00  AM,7.419,,,,
11763,02/22/18 12:40:00  AM,7.368,,,,
11764,02/22/18 12:50:00  AM,7.343,,,,
11765,02/22/18 01:00:00  AM,7.343,,,,
11766,02/22/18 01:10:00  AM,7.293,,,,
11767,02/22/18 01:20:00  AM,7.293,,,,
11768,02/22/18 01:30:00  AM,7.293,,,,
11769,02/22/18 01:40:00  AM,7.293,,,,
11770,02/22/18 01:50:00  AM,7.268,,,,
11771,02/22/18 02:00:00  AM,7.293,,,,
11772,02/22/18 02:10:00  AM,7.318,,,,
11773,02/22/18 02:20:00  AM,7.318,,,,
11774,02/22/18 02:30:00  AM,7.318,,,,
11775,02/22/18 02:40:00  AM,7.318,,,,
11776,02/22/18 02:50:00  AM,7.368,,,,
11777,02/22/18 03:00:00  AM,7.343,,,,
11778,02/22/18 03:10:00  AM,7.368,,,,
11779,02/22/18 03:20:00  AM,7.368,,,,
11780,02/22/18 03:30:00  AM,7.393,,,,
11781,02/22/18 03:40:00  AM,7.594,,,,
11782,02/22/18 03:50:00  AM,7.670,,,,
11783,02/22/18 04:00:00  AM,7.695,,,,
11784,02/22/18 04:10:00  AM,7.695,,,,
11785,02/22/18 04:20:00  AM,7.770,,,,
11786,02/22/18 04:30:00  AM,7.745,,,,
11787,02/22/18 04:40:00  AM,7.720,,,,
11788,02/22/18 04:50:00  AM,7.795,,,,
11789,02/22/18 05:00:00  AM,7.820,,,,
11790,02/22/18 05:10:00  AM,7.870,,,,
11791,02/22/18 05:20:00  AM,7.895,,,,
11792,02/22/18 05:30:00  AM,7.870,,,,
11793,02/22/18 05:40:00  AM,7.870,,,,
11794,02/22/18 05:50:00  AM,7.870,,,,
11795,02/22/18 06:00:00  AM,7.870,,,,
11796,02/22/18 06:10:00  AM,7.845,,,,
11797,02/22/18 06:20:00  AM,7.845,,,,
11798,02/22/18 06:30:00  AM,7.870,,,,
11799,02/22/18 06:40:00  AM,7.870,,,,
11800,02/22/18 06:50:00  AM,7.870,,,,
11801,02/22/18 07:00:00  AM,7.845,,,,
11802,02/22/18 07:10:00  AM,7.845,,,,
11803,02/22/18 07:20:00  AM,7.870,,,,
11804,02/22/18 07:30:00  AM,7.870,,,,
11805,02/22/18 07:40:00  AM,7.870,,,,
11806,02/22/18 07:50:00  AM,7.845,,,,
11807,02/22/18 08:00:00  AM,7.845,,,,
11808,02/22/18 08:10:00  AM,7.870,,,,
11809,02/22/18 08:20:00  AM,7.870,,,,
11810,02/22/18 08:30:00  AM,7.870,,,,
11811,02/22/18 08:40:00  AM,7.870,,,,
11812,02/22/18 08:50:00  AM,7.845,,,,
11813,02/22/18 09:00:00  AM,7.845,,,,
11814,02/22/18 09:10:00  AM,7.820,,,,
11815,02/22/18 09:20:00  AM,7.795,,,,
11816,02/22/18 09:30:00  AM,7.795,,,,
11817,02/22/18 09:40:00  AM,7.770,,,,
11818,02/22/18 09:50:00  AM,7.745,,,,
11819,02/22/18 10:00:00  AM,7.695,,,,
11820,02/22/18 10:10:00  AM,7.670,,,,
11821,02/22/18 10:20:00  AM,7.670,,,,
11822,02/22/18 10:30:00  AM,7.619,,,,
11823,02/22/18 10:40:00  AM,7.569,,,,
11824,02/22/18 10:50:00  AM,7.544,,,,
11825,02/22/18 11:00:00  AM,7.519,,,,
11826,02/22/18 11:10:00  AM,7.519,,,,
11827,02/22/18 11:20:00  AM,7.494,,,,
11828,02/22/18 11:30:00  AM,7.217,,,,
11829,02/22/18 11:40:00  AM,7.167,,,,
11830,02/22/18 11:50:00  AM,7.167,,,,
11831,02/22/18 12:00:00  PM,7.167,,,,
11832,02/22/18 12:10:00  PM,7.142,,,,
11833,02/22/18 12:20:00  PM,7.142,,,,
11834,02/22/18 12:30:00  PM,7.116,,,,
11835,02/22/18 12:40:00  PM,7.091,,,,
11836,02/22/18 12:50:00  PM,7.066,,,,
11837,02/22/18 01:00:00  PM,7.066,,,,
11838,02/22/18 01:10:00  PM,7.242,,,,
11839,02/22/18 01:20:00  PM,7.268,,,,
11840,02/22/18 01:30:00  PM,7.242,,,,
11841,02/22/18 01:40:00  PM,7.293,,,,
11842,02/22/18 01:50:00  PM,7.293,,,,
11843,02/22/18 02:00:00  PM,7.293,,,,
11844,02/22/18 02:10:00  PM,7.368,,,,
11845,02/22/18 02:20:00  PM,7.645,,,,
11846,02/22/18 02:30:00  PM,7.720,,,,
11847,02/22/18 02:40:00  PM,7.795,,,,
11848,02/22/18 02:50:00  PM,7.770,,,,
11849,02/22/18 03:00:00  PM,7.720,,,,
11850,02/22/18 03:10:00  PM,7.770,,,,
11851,02/22/18 03:20:00  PM,7.795,,,,
11852,02/22/18 03:30:00  PM,7.795,,,,
11853,02/22/18 03:40:00  PM,7.820,,,,
11854,02/22/18 03:50:00  PM,7.820,,,,
11855,02/22/18 04:00:00  PM,7.870,,,,
11856,02/22/18 04:10:00  PM,7.820,,,,
11857,02/22/18 04:20:00  PM,7.870,,,,
11858,02/22/18 04:30:00  PM,7.845,,,,
11859,02/22/18 04:40:00  PM,7.870,,,,
11860,02/22/18 04:50:00  PM,7.870,,,,
11861,02/22/18 05:00:00  PM,7.870,,,,
11862,02/22/18 05:10:00  PM,7.870,,,,
11863,02/22/18 05:20:00  PM,7.895,,,,
11864,02/22/18 05:30:00  PM,7.895,,,,
11865,02/22/18 05:40:00  PM,7.920,,,,
11866,02/22/18 05:50:00  PM,7.895,,,,
11867,02/22/18 06:00:00  PM,7.895,,,,
11868,02/22/18 06:10:00  PM,7.920,,,,
11869,02/22/18 06:20:00  PM,7.895,,,,
11870,02/22/18 06:30:00  PM,7.895,,,,
11871,02/22/18 06:40:00  PM,7.895,,,,
11872,02/22/18 06:50:00  PM,7.895,,,,
11873,02/22/18 07:00:00  PM,7.895,,,,
11874,02/22/18 07:10:00  PM,7.895,,,,
11875,02/22/18 07:20:00  PM,7.895,,,,
11876,02/22/18 07:30:00  PM,7.895,,,,
11877,02/22/18 07:40:00  PM,7.895,,,,
11878,02/22/18 07:50:00  PM,7.895,,,,
11879,02/22/18 08:00:00  PM,7.895,,,,
11880,02/22/18 08:10:00  PM,7.895,,,,
11881,02/22/18 08:20:00  PM,7.870,,,,
11882,02/22/18 08:30:00  PM,7.895,,,,
11883,02/22/18 08:40:00  PM,7.920,,,,
11884,02/22/18 08:50:00  PM,7.895,,,,
11885,02/22/18 09:00:00  PM,7.895,,,,
11886,02/22/18 09:10:00  PM,7.895,,,,
11887,02/22/18 09:20:00  PM,7.895,,,,
11888,02/22/18 09:30:00  PM,7.895,,,,
11889,02/22/18 09:40:00  PM,7.895,,,,
11890,02/22/18 09:50:00  PM,7.895,,,,
11891,02/22/18 10:00:00  PM,7.895,,,,
11892,02/22/18 10:10:00  PM,7.895,,,,
11893,02/22/18 10:20:00  PM,7.895,,,,
11894,02/22/18 10:30:00  PM,7.920,,,,
11895,02/22/18 10:40:00  PM,7.920,,,,
11896,02/22/18 10:50:00  PM,7.895,,,,
11897,02/22/18 11:00:00  PM,7.870,,,,
11898,02/22/18 11:10:00  PM,7.870,,,,
11899,02/22/18 11:20:00  PM,7.845,,,,
11900,02/22/18 11:30:00  PM,7.820,,,,
11901,02/22/18 11:40:00  PM,7.820,,,,
11902,02/22/18 11:50:00  PM,7.795,,,,
11903,02/23/18 12:00:00  AM,7.720,,,,
11904,02/23/18 12:10:00  AM,7.619,,,,
11905,02/23/18 12:20:00  AM,7.594,,,,
11906,02/23/18 12:30:00  AM,7.544,,,,
11907,02/23/18 12:40:00  AM,7.494,,,,
11908,02/23/18 12:50:00  AM,7.469,,,,
11909,02/23/18 01:00:00  AM,7.419,,,,
11910,02/23/18 01:10:00  AM,7.368,,,,
11911,02/23/18 01:20:00  AM,7.343,,,,
11912,02/23/18 01:30:00  AM,7.318,,,,
11913,02/23/18 01:40:00  AM,7.393,,,,
11914,02/23/18 01:50:00  AM,7.419,,,,
11915,02/23/18 02:00:00  AM,7.469,,,,
11916,02/23/18 02:10:00  AM,7.519,,,,
11917,02/23/18 02:20:00  AM,7.619,,,,
11918,02/23/18 02:30:00  AM,7.720,,,,
11919,02/23/18 02:40:00  AM,7.770,,,,
11920,02/23/18 02:50:00  AM,7.820,,,,
11921,02/23/18 03:00:00  AM,7.795,,,,
11922,02/23/18 03:10:00  AM,7.795,,,,
11923,02/23/18 03:20:00  AM,7.770,,,,
11924,02/23/18 03:30:00  AM,7.745,,,,
11925,02/23/18 03:40:00  AM,7.720,,,,
11926,02/23/18 03:50:00  AM,7.720,,,,
11927,02/23/18 04:00:00  AM,7.720,,,,
11928,02/23/18 04:10:00  AM,7.745,,,,
11929,02/23/18 04:20:00  AM,7.745,,,,
11930,02/23/18 04:30:00  AM,7.745,,,,
11931,02/23/18 04:40:00  AM,7.770,,,,
11932,02/23/18 04:50:00  AM,7.770,,,,
11933,02/23/18 05:00:00  AM,7.770,,,,
11934,02/23/18 05:10:00  AM,7.745,,,,
11935,02/23/18 05:20:00  AM,7.745,,,,
11936,02/23/18 05:30:00  AM,7.745,,,,
11937,02/23/18 05:40:00  AM,7.745,,,,
11938,02/23/18 05:50:00  AM,7.770,,,,
11939,02/23/18 06:00:00  AM,7.770,,,,
11940,02/23/18 06:10:00  AM,7.770,,,,
11941,02/23/18 06:20:00  AM,7.770,,,,
11942,02/23/18 06:30:00  AM,7.770,,,,
11943,02/23/18 06:40:00  AM,7.770,,,,
11944,02/23/18 06:50:00  AM,7.770,,,,
11945,02/23/18 07:00:00  AM,7.795,,,,
11946,02/23/18 07:10:00  AM,7.795,,,,
11947,02/23/18 07:20:00  AM,7.770,,,,
11948,02/23/18 07:30:00  AM,7.770,,,,
11949,02/23/18 07:40:00  AM,7.770,,,,
11950,02/23/18 07:50:00  AM,7.770,,,,
11951,02/23/18 08:00:00  AM,7.795,,,,
11952,02/23/18 08:10:00  AM,7.795,,,,
11953,02/23/18 08:20:00  AM,7.795,,,,
11954,02/23/18 08:30:00  AM,7.845,,,,
11955,02/23/18 08:40:00  AM,7.870,,,,
11956,02/23/18 08:50:00  AM,7.920,,,,
11957,02/23/18 09:00:00  AM,7.895,,,,
11958,02/23/18 09:10:00  AM,7.870,,,,
11959,02/23/18 09:20:00  AM,7.895,,,,
11960,02/23/18 09:30:00  AM,7.920,,,,
11961,02/23/18 09:40:00  AM,7.920,,,,
11962,02/23/18 09:50:00  AM,7.945,,,,
11963,02/23/18 10:00:00  AM,7.945,,,,
11964,02/23/18 10:10:00  AM,7.945,,,,
11965,02/23/18 10:20:00  AM,7.920,,,,
11966,02/23/18 10:30:00  AM,7.920,,,,
11967,02/23/18 10:40:00  AM,7.895,,,,
11968,02/23/18 10:50:00  AM,7.870,,,,
11969,02/23/18 11:00:00  AM,7.870,,,,
11970,02/23/18 11:10:00  AM,7.870,,,,
11971,02/23/18 11:20:00  AM,7.870,,,,
11972,02/23/18 11:30:00  AM,7.895,,,,
11973,02/23/18 11:40:00  AM,7.920,,,,
11974,02/23/18 11:50:00  AM,7.920,,,,
11975,02/23/18 12:00:00  PM,7.895,,,,
11976,02/23/18 12:10:00  PM,7.920,,,,
11977,02/23/18 12:20:00  PM,7.920,,,,
11978,02/23/18 12:30:00  PM,7.920,,,,
11979,02/23/18 12:40:00  PM,7.920,,,,
11980,02/23/18 12:50:00  PM,7.870,,,,
11981,02/23/18 01:00:00  PM,7.870,,,,
11982,02/23/18 01:10:00  PM,7.870,,,,
11983,02/23/18 01:20:00  PM,7.870,,,,
11984,02/23/18 01:30:00  PM,7.845,,,,
11985,02/23/18 01:40:00  PM,7.845,,,,
11986,02/23/18 01:50:00  PM,7.845,,,,
11987,02/23/18 02:00:00  PM,7.820,,,,
11988,02/23/18 02:10:00  PM,7.820,,,,
11989,02/23/18 02:20:00  PM,7.820,,,,
11990,02/23/18 02:30:00  PM,7.795,,,,
11991,02/23/18 02:40:00  PM,7.770,,,,
11992,02/23/18 02:50:00  PM,7.770,,,,
11993,02/23/18 03:00:00  PM,7.770,,,,
11994,02/23/18 03:10:00  PM,7.745,,,,
11995,02/23/18 03:20:00  PM,7.720,,,,
11996,02/23/18 03:30:00  PM,7.745,,,,
11997,02/23/18 03:40:00  PM,7.720,,,,
11998,02/23/18 03:50:00  PM,7.720,,,,
11999,02/23/18 04:00:00  PM,7.695,,,,
12000,02/23/18 04:10:00  PM,7.670,,,,
12001,02/23/18 04:20:00  PM,7.670,,,,
12002,02/23/18 04:30:00  PM,7.695,,,,
12003,02/23/18 04:40:00  PM,7.720,,,,
12004,02/23/18 04:50:00  PM,7.720,,,,
12005,02/23/18 05:00:00  PM,7.720,,,,
12006,02/23/18 05:10:00  PM,7.720,,,,
12007,02/23/18 05:20:00  PM,7.745,,,,
12008,02/23/18 05:30:00  PM,7.745,,,,
12009,02/23/18 05:40:00  PM,7.770,,,,
12010,02/23/18 05:50:00  PM,7.770,,,,
12011,02/23/18 06:00:00  PM,7.795,,,,
12012,02/23/18 06:10:00  PM,7.795,,,,
12013,02/23/18 06:20:00  PM,7.770,,,,
12014,02/23/18 06:30:00  PM,7.795,,,,
12015,02/23/18 06:40:00  PM,7.745,,,,
12016,02/23/18 06:50:00  PM,7.770,,,,
12017,02/23/18 07:00:00  PM,7.770,,,,
12018,02/23/18 07:10:00  PM,7.795,,,,
12019,02/23/18 07:20:00  PM,7.795,,,,
12020,02/23/18 07:30:00  PM,7.820,,,,
12021,02/23/18 07:40:00  PM,7.820,,,,
12022,02/23/18 07:50:00  PM,7.845,,,,
12023,02/23/18 08:00:00  PM,7.845,,,,
12024,02/23/18 08:10:00  PM,7.845,,,,
12025,02/23/18 08:20:00  PM,7.845,,,,
12026,02/23/18 08:30:00  PM,7.870,,,,
12027,02/23/18 08:40:00  PM,7.870,,,,
12028,02/23/18 08:50:00  PM,7.870,,,,
12029,02/23/18 09:00:00  PM,7.845,,,,
12030,02/23/18 09:10:00  PM,7.870,,,,
12031,02/23/18 09:20:00  PM,7.870,,,,
12032,02/23/18 09:30:00  PM,7.870,,,,
12033,02/23/18 09:40:00  PM,7.870,,,,
12034,02/23/18 09:50:00  PM,7.870,,,,
12035,02/23/18 10:00:00  PM,7.895,,,,
12036,02/23/18 10:10:00  PM,7.870,,,,
12037,02/23/18 10:20:00  PM,7.845,,,,
12038,02/23/18 10:30:00  PM,7.845,,,,
12039,02/23/18 10:40:00  PM,7.845,,,,
12040,02/23/18 10:50:00  PM,7.845,,,,
12041,02/23/18 11:00:00  PM,7.845,,,,
12042,02/23/18 11:10:00  PM,7.845,,,,
12043,02/23/18 11:20:00  PM,7.870,,,,
12044,02/23/18 11:30:00  PM,7.870,,,,
12045,02/23/18 11:40:00  PM,7.870,,,,
12046,02/23/18 11:50:00  PM,7.870,,,,
12047,02/24/18 12:00:00  AM,7.895,,,,
12048,02/24/18 12:10:00  AM,7.870,,,,
12049,02/24/18 12:20:00  AM,7.845,,,,
12050,02/24/18 12:30:00  AM,7.870,,,,
12051,02/24/18 12:40:00  AM,7.845,,,,
12052,02/24/18 12:50:00  AM,7.845,,,,
12053,02/24/18 01:00:00  AM,7.820,,,,
12054,02/24/18 01:10:00  AM,7.820,,,,
12055,02/24/18 01:20:00  AM,7.770,,,,
12056,02/24/18 01:30:00  AM,7.770,,,,
12057,02/24/18 01:40:00  AM,7.770,,,,
12058,02/24/18 01:50:00  AM,7.720,,,,
12059,02/24/18 02:00:00  AM,7.720,,,,
12060,02/24/18 02:10:00  AM,7.745,,,,
12061,02/24/18 02:20:00  AM,7.720,,,,
12062,02/24/18 02:30:00  AM,7.695,,,,
12063,02/24/18 02:40:00  AM,7.645,,,,
12064,02/24/18 02:50:00  AM,7.569,,,,
12065,02/24/18 03:00:00  AM,7.444,,,,
12066,02/24/18 03:10:00  AM,7.419,,,,
12067,02/24/18 03:20:00  AM,7.594,,,,
12068,02/24/18 03:30:00  AM,7.544,,,,
12069,02/24/18 03:40:00  AM,7.469,,,,
12070,02/24/18 03:50:00  AM,7.544,,,,
12071,02/24/18 04:00:00  AM,7.569,,,,
12072,02/24/18 04:10:00  AM,7.619,,,,
12073,02/24/18 04:20:00  AM,7.645,,,,
12074,02/24/18 04:30:00  AM,7.670,,,,
12075,02/24/18 04:40:00  AM,7.695,,,,
12076,02/24/18 04:50:00  AM,7.695,,,,
12077,02/24/18 05:00:00  AM,7.695,,,,
12078,02/24/18 05:10:00  AM,7.695,,,,
12079,02/24/18 05:20:00  AM,7.695,,,,
12080,02/24/18 05:30:00  AM,7.695,,,,
12081,02/24/18 05:40:00  AM,7.720,,,,
12082,02/24/18 05:50:00  AM,7.720,,,,
12083,02/24/18 06:00:00  AM,7.720,,,,
12084,02/24/18 06:10:00  AM,7.720,,,,
12085,02/24/18 06:20:00  AM,7.720,,,,
12086,02/24/18 06:30:00  AM,7.720,,,,
12087,02/24/18 06:40:00  AM,7.745,,,,
12088,02/24/18 06:50:00  AM,7.745,,,,
12089,02/24/18 07:00:00  AM,7.745,,,,
12090,02/24/18 07:10:00  AM,7.745,,,,
12091,02/24/18 07:20:00  AM,7.770,,,,
12092,02/24/18 07:30:00  AM,7.770,,,,
12093,02/24/18 07:40:00  AM,7.820,,,,
12094,02/24/18 07:50:00  AM,7.820,,,,
12095,02/24/18 08:00:00  AM,7.820,,,,
12096,02/24/18 08:10:00  AM,7.820,,,,
12097,02/24/18 08:20:00  AM,7.820,,,,
12098,02/24/18 08:30:00  AM,7.870,,,,
12099,02/24/18 08:40:00  AM,7.870,,,,
12100,02/24/18 08:50:00  AM,7.870,,,,
12101,02/24/18 09:00:00  AM,7.895,,,,
12102,02/24/18 09:10:00  AM,7.920,,,,
12103,02/24/18 09:20:00  AM,7.920,,,,
12104,02/24/18 09:30:00  AM,7.920,,,,
12105,02/24/18 09:40:00  AM,7.920,,,,
12106,02/24/18 09:50:00  AM,7.920,,,,
12107,02/24/18 10:00:00  AM,7.920,,,,
12108,02/24/18 10:10:00  AM,7.920,,,,
12109,02/24/18 10:20:00  AM,7.920,,,,
12110,02/24/18 10:30:00  AM,7.920,,,,
12111,02/24/18 10:40:00  AM,7.895,,,,
12112,02/24/18 10:50:00  AM,7.895,,,,
12113,02/24/18 11:00:00  AM,7.870,,,,
12114,02/24/18 11:10:00  AM,7.895,,,,
12115,02/24/18 11:20:00  AM,7.895,,,,
12116,02/24/18 11:30:00  AM,7.895,,,,
12117,02/24/18 11:40:00  AM,7.870,,,,
12118,02/24/18 11:50:00  AM,7.845,,,,
12119,02/24/18 12:00:00  PM,7.820,,,,
12120,02/24/18 12:10:00  PM,7.770,,,,
12121,02/24/18 12:20:00  PM,7.770,,,,
12122,02/24/18 12:30:00  PM,7.795,,,,
12123,02/24/18 12:40:00  PM,7.820,,,,
12124,02/24/18 12:50:00  PM,7.770,,,,
12125,02/24/18 01:00:00  PM,7.770,,,,
12126,02/24/18 01:10:00  PM,7.770,,,,
12127,02/24/18 01:20:00  PM,7.745,,,,
12128,02/24/18 01:30:00  PM,7.745,,,,
12129,02/24/18 01:40:00  PM,7.695,,,,
12130,02/24/18 01:50:00  PM,7.670,,,,
12131,02/24/18 02:00:00  PM,7.569,,,,
12132,02/24/18 02:10:00  PM,7.494,,,,
12133,02/24/18 02:20:00  PM,7.469,,,,
12134,02/24/18 02:30:00  PM,7.318,,,,
12135,02/24/18 02:40:00  PM,7.293,,,,
12136,02/24/18 02:50:00  PM,7.268,,,,
12137,02/24/18 03:00:00  PM,7.192,,,,
12138,02/24/18 03:10:00  PM,7.192,,,,
12139,02/24/18 03:20:00  PM,7.192,,,,
12140,02/24/18 03:30:00  PM,7.192,,,,
12141,02/24/18 03:40:00  PM,7.167,,,,
12142,02/24/18 03:50:00  PM,7.217,,,,
12143,02/24/18 04:00:00  PM,7.192,,,,
12144,02/24/18 04:10:00  PM,7.116,,,,
12145,02/24/18 04:20:00  PM,7.142,,,,
12146,02/24/18 04:30:00  PM,7.192,,,,
12147,02/24/18 04:40:00  PM,7.192,,,,
12148,02/24/18 04:50:00  PM,7.343,,,,
12149,02/24/18 05:00:00  PM,7.318,,,,
12150,02/24/18 05:10:00  PM,7.318,,,,
12151,02/24/18 05:20:00  PM,7.293,,,,
12152,02/24/18 05:30:00  PM,7.343,,,,
12153,02/24/18 05:40:00  PM,7.343,,,,
12154,02/24/18 05:50:00  PM,7.368,,,,
12155,02/24/18 06:00:00  PM,7.368,,,,
12156,02/24/18 06:10:00  PM,7.393,,,,
12157,02/24/18 06:20:00  PM,7.393,,,,
12158,02/24/18 06:30:00  PM,7.519,,,,
12159,02/24/18 06:40:00  PM,7.619,,,,
12160,02/24/18 06:50:00  PM,7.695,,,,
12161,02/24/18 07:00:00  PM,7.770,,,,
12162,02/24/18 07:10:00  PM,7.770,,,,
12163,02/24/18 07:20:00  PM,7.870,,,,
12164,02/24/18 07:30:00  PM,7.870,,,,
12165,02/24/18 07:40:00  PM,7.895,,,,
12166,02/24/18 07:50:00  PM,7.895,,,,
12167,02/24/18 08:00:00  PM,7.895,,,,
12168,02/24/18 08:10:00  PM,7.920,,,,
12169,02/24/18 08:20:00  PM,7.895,,,,
12170,02/24/18 08:30:00  PM,7.895,,,,
12171,02/24/18 08:40:00  PM,7.895,,,,
12172,02/24/18 08:50:00  PM,7.895,,,,
12173,02/24/18 09:00:00  PM,7.895,,,,
12174,02/24/18 09:10:00  PM,7.895,,,,
12175,02/24/18 09:20:00  PM,7.870,,,,
12176,02/24/18 09:30:00  PM,7.895,,,,
12177,02/24/18 09:40:00  PM,7.895,,,,
12178,02/24/18 09:50:00  PM,7.895,,,,
12179,02/24/18 10:00:00  PM,7.895,,,,
12180,02/24/18 10:10:00  PM,7.895,,,,
12181,02/24/18 10:20:00  PM,7.895,,,,
12182,02/24/18 10:30:00  PM,7.895,,,,
12183,02/24/18 10:40:00  PM,7.920,,,,
12184,02/24/18 10:50:00  PM,7.920,,,,
12185,02/24/18 11:00:00  PM,7.920,,,,
12186,02/24/18 11:10:00  PM,7.920,,,,
12187,02/24/18 11:20:00  PM,7.920,,,,
12188,02/24/18 11:30:00  PM,7.920,,,,
12189,02/24/18 11:40:00  PM,7.920,,,,
12190,02/24/18 11:50:00  PM,7.920,,,,
12191,02/25/18 12:00:00  AM,7.920,,,,
12192,02/25/18 12:10:00  AM,7.920,,,,
12193,02/25/18 12:20:00  AM,7.920,,,,
12194,02/25/18 12:30:00  AM,7.920,,,,
12195,02/25/18 12:40:00  AM,7.920,,,,
12196,02/25/18 12:50:00  AM,7.920,,,,
12197,02/25/18 01:00:00  AM,7.920,,,,
12198,02/25/18 01:10:00  AM,7.920,,,,
12199,02/25/18 01:20:00  AM,7.920,,,,
12200,02/25/18 01:30:00  AM,7.895,,,,
12201,02/25/18 01:40:00  AM,7.895,,,,
12202,02/25/18 01:50:00  AM,7.895,,,,
12203,02/25/18 02:00:00  AM,7.870,,,,
12204,02/25/18 02:10:00  AM,7.820,,,,
12205,02/25/18 02:20:00  AM,7.770,,,,
12206,02/25/18 02:30:00  AM,7.770,,,,
12207,02/25/18 02:40:00  AM,7.745,,,,
12208,02/25/18 02:50:00  AM,7.670,,,,
12209,02/25/18 03:00:00  AM,7.645,,,,
12210,02/25/18 03:10:00  AM,7.619,,,,
12211,02/25/18 03:20:00  AM,7.619,,,,
12212,02/25/18 03:30:00  AM,7.594,,,,
12213,02/25/18 03:40:00  AM,7.569,,,,
12214,02/25/18 03:50:00  AM,7.544,,,,
12215,02/25/18 04:00:00  AM,7.519,,,,
12216,02/25/18 04:10:00  AM,7.494,,,,
12217,02/25/18 04:20:00  AM,7.469,,,,
12218,02/25/18 04:30:00  AM,7.419,,,,
12219,02/25/18 04:40:00  AM,7.393,,,,
12220,02/25/18 04:50:00  AM,7.368,,,,
12221,02/25/18 05:00:00  AM,7.343,,,,
12222,02/25/18 05:10:00  AM,7.318,,,,
12223,02/25/18 05:20:00  AM,7.343,,,,
12224,02/25/18 05:30:00  AM,7.268,,,,
12225,02/25/18 05:40:00  AM,7.318,,,,
12226,02/25/18 05:50:00  AM,7.268,,,,
12227,02/25/18 06:00:00  AM,7.318,,,,
12228,02/25/18 06:10:00  AM,7.343,,,,
12229,02/25/18 06:20:00  AM,7.368,,,,
12230,02/25/18 06:30:00  AM,7.670,,,,
12231,02/25/18 06:40:00  AM,7.720,,,,
12232,02/25/18 06:50:00  AM,7.820,,,,
12233,02/25/18 07:00:00  AM,7.795,,,,
12234,02/25/18 07:10:00  AM,7.795,,,,
12235,02/25/18 07:20:00  AM,7.820,,,,
12236,02/25/18 07:30:00  AM,7.820,,,,
12237,02/25/18 07:40:00  AM,7.820,,,,
12238,02/25/18 07:50:00  AM,7.820,,,,
12239,02/25/18 08:00:00  AM,7.820,,,,
12240,02/25/18 08:10:00  AM,7.820,,,,
12241,02/25/18 08:20:00  AM,7.820,,,,
12242,02/25/18 08:30:00  AM,7.820,,,,
12243,02/25/18 08:40:00  AM,7.845,,,,
12244,02/25/18 08:50:00  AM,7.870,,,,
12245,02/25/18 09:00:00  AM,7.870,,,,
12246,02/25/18 09:10:00  AM,7.895,,,,
12247,02/25/18 09:20:00  AM,7.895,,,,
12248,02/25/18 09:30:00  AM,7.895,,,,
12249,02/25/18 09:40:00  AM,7.895,,,,
12250,02/25/18 09:50:00  AM,7.895,,,,
12251,02/25/18 10:00:00  AM,7.895,,,,
12252,02/25/18 10:10:00  AM,7.895,,,,
12253,02/25/18 10:20:00  AM,7.895,,,,
12254,02/25/18 10:30:00  AM,7.895,,,,
12255,02/25/18 10:40:00  AM,7.895,,,,
12256,02/25/18 10:50:00  AM,7.895,,,,
12257,02/25/18 11:00:00  AM,7.895,,,,
12258,02/25/18 11:10:00  AM,7.895,,,,
12259,02/25/18 11:20:00  AM,7.870,,,,
12260,02/25/18 11:30:00  AM,7.895,,,,
12261,02/25/18 11:40:00  AM,7.870,,,,
12262,02/25/18 11:50:00  AM,7.895,,,,
12263,02/25/18 12:00:00  PM,7.870,,,,
12264,02/25/18 12:10:00  PM,7.870,,,,
12265,02/25/18 12:20:00  PM,7.870,,,,
12266,02/25/18 12:30:00  PM,7.870,,,,
12267,02/25/18 12:40:00  PM,7.845,,,,
12268,02/25/18 12:50:00  PM,7.820,,,,
12269,02/25/18 01:00:00  PM,7.820,,,,
12270,02/25/18 01:10:00  PM,7.820,,,,
12271,02/25/18 01:20:00  PM,7.820,,,,
12272,02/25/18 01:30:00  PM,7.820,,,,
12273,02/25/18 01:40:00  PM,7.820,,,,
12274,02/25/18 01:50:00  PM,7.820,,,,
12275,02/25/18 02:00:00  PM,7.795,,,,
12276,02/25/18 02:10:00  PM,7.795,,,,
12277,02/25/18 02:20:00  PM,7.795,,,,
12278,02/25/18 02:30:00  PM,7.795,,,,
12279,02/25/18 02:40:00  PM,7.770,,,,
12280,02/25/18 02:50:00  PM,7.745,,,,
12281,02/25/18 03:00:00  PM,7.745,,,,
12282,02/25/18 03:10:00  PM,7.720,,,,
12283,02/25/18 03:20:00  PM,7.695,,,,
12284,02/25/18 03:30:00  PM,7.770,,,,
12285,02/25/18 03:40:00  PM,7.670,,,,
12286,02/25/18 03:50:00  PM,7.619,,,,
12287,02/25/18 04:00:00  PM,7.720,,,,
12288,02/25/18 04:10:00  PM,7.695,,,,
12289,02/25/18 04:20:00  PM,7.670,,,,
12290,02/25/18 04:30:00  PM,7.670,,,,
12291,02/25/18 04:40:00  PM,7.670,,,,
12292,02/25/18 04:50:00  PM,7.645,,,,
12293,02/25/18 05:00:00  PM,7.619,,,,
12294,02/25/18 05:10:00  PM,7.619,,,,
12295,02/25/18 05:20:00  PM,7.594,,,,
12296,02/25/18 05:30:00  PM,7.594,,,,
12297,02/25/18 05:40:00  PM,7.544,,,,
12298,02/25/18 05:50:00  PM,7.569,,,,
12299,02/25/18 06:00:00  PM,7.594,,,,
12300,02/25/18 06:10:00  PM,7.569,,,,
12301,02/25/18 06:20:00  PM,7.544,,,,
12302,02/25/18 06:30:00  PM,7.519,,,,
12303,02/25/18 06:40:00  PM,7.544,,,,
12304,02/25/18 06:50:00  PM,7.494,,,,
12305,02/25/18 07:00:00  PM,7.444,,,,
12306,02/25/18 07:10:00  PM,7.494,,,,
12307,02/25/18 07:20:00  PM,7.469,,,,
12308,02/25/18 07:30:00  PM,7.519,,,,
12309,02/25/18 07:40:00  PM,7.519,,,,
12310,02/25/18 07:50:00  PM,7.544,,,,
12311,02/25/18 08:00:00  PM,7.544,,,,
12312,02/25/18 08:10:00  PM,7.619,,,,
12313,02/25/18 08:20:00  PM,7.619,,,,
12314,02/25/18 08:30:00  PM,7.745,,,,
12315,02/25/18 08:40:00  PM,7.770,,,,
12316,02/25/18 08:50:00  PM,7.770,,,,
12317,02/25/18 09:00:00  PM,7.795,,,,
12318,02/25/18 09:10:00  PM,7.795,,,,
12319,02/25/18 09:20:00  PM,7.820,,,,
12320,02/25/18 09:30:00  PM,7.795,,,,
12321,02/25/18 09:40:00  PM,7.795,,,,
12322,02/25/18 09:50:00  PM,7.770,,,,
12323,02/25/18 10:00:00  PM,7.770,,,,
12324,02/25/18 10:10:00  PM,7.770,,,,
12325,02/25/18 10:20:00  PM,7.770,,,,
12326,02/25/18 10:30:00  PM,7.820,,,,
12327,02/25/18 10:40:00  PM,7.820,,,,
12328,02/25/18 10:50:00  PM,7.845,,,,
12329,02/25/18 11:00:00  PM,7.845,,,,
12330,02/25/18 11:10:00  PM,7.845,,,,
12331,02/25/18 11:20:00  PM,7.870,,,,
12332,02/25/18 11:30:00  PM,7.870,,,,
12333,02/25/18 11:40:00  PM,7.870,,,,
12334,02/25/18 11:50:00  PM,7.870,,,,
12335,02/26/18 12:00:00  AM,7.870,,,,
12336,02/26/18 12:10:00  AM,7.870,,,,
12337,02/26/18 12:20:00  AM,7.870,,,,
12338,02/26/18 12:30:00  AM,7.870,,,,
12339,02/26/18 12:40:00  AM,7.870,,,,
12340,02/26/18 12:50:00  AM,7.870,,,,
12341,02/26/18 01:00:00  AM,7.870,,,,
12342,02/26/18 01:10:00  AM,7.870,,,,
12343,02/26/18 01:20:00  AM,7.870,,,,
12344,02/26/18 01:30:00  AM,7.845,,,,
12345,02/26/18 01:40:00  AM,7.845,,,,
12346,02/26/18 01:50:00  AM,7.845,,,,
12347,02/26/18 02:00:00  AM,7.845,,,,
12348,02/26/18 02:10:00  AM,7.845,,,,
12349,02/26/18 02:20:00  AM,7.845,,,,
12350,02/26/18 02:30:00  AM,7.845,,,,
12351,02/26/18 02:40:00  AM,7.845,,,,
12352,02/26/18 02:50:00  AM,7.820,,,,
12353,02/26/18 03:00:00  AM,7.820,,,,
12354,02/26/18 03:10:00  AM,7.820,,,,
12355,02/26/18 03:20:00  AM,7.770,,,,
12356,02/26/18 03:30:00  AM,7.770,,,,
12357,02/26/18 03:40:00  AM,7.745,,,,
12358,02/26/18 03:50:00  AM,7.720,,,,
12359,02/26/18 04:00:00  AM,7.720,,,,
12360,02/26/18 04:10:00  AM,7.720,,,,
12361,02/26/18 04:20:00  AM,7.645,,,,
12362,02/26/18 04:30:00  AM,7.619,,,,
12363,02/26/18 04:40:00  AM,7.619,,,,
12364,02/26/18 04:50:00  AM,7.619,,,,
12365,02/26/18 05:00:00  AM,7.594,,,,
12366,02/26/18 05:10:00  AM,7.569,,,,
12367,02/26/18 05:20:00  AM,7.569,,,,
12368,02/26/18 05:30:00  AM,7.544,,,,
12369,02/26/18 05:40:00  AM,7.544,,,,
12370,02/26/18 05:50:00  AM,7.519,,,,
12371,02/26/18 06:00:00  AM,7.519,,,,
12372,02/26/18 06:10:00  AM,7.544,,,,
12373,02/26/18 06:20:00  AM,7.469,,,,
12374,02/26/18 06:30:00  AM,7.469,,,,
12375,02/26/18 06:40:00  AM,7.419,,,,
12376,02/26/18 06:50:00  AM,7.444,,,,
12377,02/26/18 07:00:00  AM,7.469,,,,
12378,02/26/18 07:10:00  AM,7.519,,,,
12379,02/26/18 07:20:00  AM,7.494,,,,
12380,02/26/18 07:30:00  AM,7.494,,,,
12381,02/26/18 07:40:00  AM,7.519,,,,
12382,02/26/18 07:50:00  AM,7.519,,,,
12383,02/26/18 08:00:00  AM,7.544,,,,
12384,02/26/18 08:10:00  AM,7.670,,,,
12385,02/26/18 08:20:00  AM,7.745,,,,
12386,02/26/18 08:30:00  AM,7.745,,,,
12387,02/26/18 08:40:00  AM,7.770,,,,
12388,02/26/18 08:50:00  AM,7.770,,,,
12389,02/26/18 09:00:00  AM,7.770,,,,
12390,02/26/18 09:10:00  AM,7.770,,,,
12391,02/26/18 09:20:00  AM,7.770,,,,
12392,02/26/18 09:30:00  AM,7.820,,,,
12393,02/26/18 09:40:00  AM,7.820,,,,
12394,02/26/18 09:50:00  AM,7.820,,,,
12395,02/26/18 10:00:00  AM,7.870,,,,
12396,02/26/18 10:10:00  AM,7.870,,,,
12397,02/26/18 10:20:00  AM,7.895,,,,
12398,02/26/18 10:30:00  AM,7.895,,,,
12399,02/26/18 10:40:00  AM,7.895,,,,
12400,02/26/18 10:50:00  AM,7.895,,,,
12401,02/26/18 11:00:00  AM,7.895,,,,
12402,02/26/18 11:10:00  AM,7.895,,,,
12403,02/26/18 11:20:00  AM,7.895,,,,
12404,02/26/18 11:30:00  AM,7.870,,,,
12405,02/26/18 11:40:00  AM,7.895,,,,
12406,02/26/18 11:50:00  AM,7.895,,,,
12407,02/26/18 12:00:00  PM,7.895,,,,
12408,02/26/18 12:10:00  PM,7.895,,,,
12409,02/26/18 12:20:00  PM,7.895,,,,
12410,02/26/18 12:30:00  PM,7.895,,,,
12411,02/26/18 12:40:00  PM,7.895,,,,
12412,02/26/18 12:50:00  PM,7.895,,,,
12413,02/26/18 01:00:00  PM,7.895,,,,
12414,02/26/18 01:10:00  PM,7.895,,,,
12415,02/26/18 01:20:00  PM,7.895,,,,
12416,02/26/18 01:30:00  PM,7.895,,,,
12417,02/26/18 01:40:00  PM,7.895,,,,
12418,02/26/18 01:50:00  PM,7.895,,,,
12419,02/26/18 02:00:00  PM,7.895,,,,
12420,02/26/18 02:10:00  PM,7.895,,,,
12421,02/26/18 02:20:00  PM,7.895,,,,
12422,02/26/18 02:30:00  PM,7.895,,,,
12423,02/26/18 02:40:00  PM,7.870,,,,
12424,02/26/18 02:50:00  PM,7.870,,,,
12425,02/26/18 03:00:00  PM,7.870,,,,
12426,02/26/18 03:10:00  PM,7.870,,,,
12427,02/26/18 03:20:00  PM,7.870,,,,
12428,02/26/18 03:30:00  PM,7.870,,,,
12429,02/26/18 03:40:00  PM,7.870,,,,
12430,02/26/18 03:50:00  PM,7.870,,,,
12431,02/26/18 04:00:00  PM,7.845,,,,
12432,02/26/18 04:10:00  PM,7.820,,,,
12433,02/26/18 04:20:00  PM,7.795,,,,
12434,02/26/18 04:30:00  PM,7.770,,,,
12435,02/26/18 04:40:00  PM,7.745,,,,
12436,02/26/18 04:50:00  PM,7.720,,,,
12437,02/26/18 05:00:00  PM,7.720,,,,
12438,02/26/18 05:10:00  PM,7.695,,,,
12439,02/26/18 05:20:00  PM,7.695,,,,
12440,02/26/18 05:30:00  PM,7.745,,,,
12441,02/26/18 05:40:00  PM,7.720,,,,
12442,02/26/18 05:50:00  PM,7.720,,,,
12443,02/26/18 06:00:00  PM,7.670,,,,
12444,02/26/18 06:10:00  PM,7.670,,,,
12445,02/26/18 06:20:00  PM,7.645,,,,
12446,02/26/18 06:30:00  PM,7.569,,,,
12447,02/26/18 06:40:00  PM,7.519,,,,
12448,02/26/18 06:50:00  PM,7.519,,,,
12449,02/26/18 07:00:00  PM,7.494,,,,
12450,02/26/18 07:10:00  PM,7.494,,,,
12451,02/26/18 07:20:00  PM,7.519,,,,
12452,02/26/18 07:30:00  PM,7.494,,,,
12453,02/26/18 07:40:00  PM,7.469,,,,
12454,02/26/18 07:50:00  PM,7.393,,,,
12455,02/26/18 08:00:00  PM,7.393,,,,
12456,02/26/18 08:10:00  PM,7.368,,,,
12457,02/26/18 08:20:00  PM,7.393,,,,
12458,02/26/18 08:30:00  PM,7.444,,,,
12459,02/26/18 08:40:00  PM,7.519,,,,
12460,02/26/18 08:50:00  PM,7.519,,,,
12461,02/26/18 09:00:00  PM,7.519,,,,
12462,02/26/18 09:10:00  PM,7.544,,,,
12463,02/26/18 09:20:00  PM,7.544,,,,
12464,02/26/18 09:30:00  PM,7.594,,,,
12465,02/26/18 09:40:00  PM,7.695,,,,
12466,02/26/18 09:50:00  PM,7.745,,,,
12467,02/26/18 10:00:00  PM,7.745,,,,
12468,02/26/18 10:10:00  PM,7.795,,,,
12469,02/26/18 10:20:00  PM,7.795,,,,
12470,02/26/18 10:30:00  PM,7.795,,,,
12471,02/26/18 10:40:00  PM,7.820,,,,
12472,02/26/18 10:50:00  PM,7.845,,,,
12473,02/26/18 11:00:00  PM,7.845,,,,
12474,02/26/18 11:10:00  PM,7.870,,,,
12475,02/26/18 11:20:00  PM,7.870,,,,
12476,02/26/18 11:30:00  PM,7.870,,,,
12477,02/26/18 11:40:00  PM,7.895,,,,
12478,02/26/18 11:50:00  PM,7.895,,,,
12479,02/27/18 12:00:00  AM,7.895,,,,
12480,02/27/18 12:10:00  AM,7.895,,,,
12481,02/27/18 12:20:00  AM,7.895,,,,
12482,02/27/18 12:30:00  AM,7.895,,,,
12483,02/27/18 12:40:00  AM,7.895,,,,
12484,02/27/18 12:50:00  AM,7.870,,,,
12485,02/27/18 01:00:00  AM,7.870,,,,
12486,02/27/18 01:10:00  AM,7.870,,,,
12487,02/27/18 01:20:00  AM,7.870,,,,
12488,02/27/18 01:30:00  AM,7.870,,,,
12489,02/27/18 01:40:00  AM,7.870,,,,
12490,02/27/18 01:50:00  AM,7.870,,,,
12491,02/27/18 02:00:00  AM,7.870,,,,
12492,02/27/18 02:10:00  AM,7.870,,,,
12493,02/27/18 02:20:00  AM,7.870,,,,
12494,02/27/18 02:30:00  AM,7.845,,,,
12495,02/27/18 02:40:00  AM,7.845,,,,
12496,02/27/18 02:50:00  AM,7.870,,,,
12497,02/27/18 03:00:00  AM,7.895,,,,
12498,02/27/18 03:10:00  AM,7.895,,,,
12499,02/27/18 03:20:00  AM,7.895,,,,
12500,02/27/18 03:30:00  AM,7.895,,,,
12501,02/27/18 03:40:00  AM,7.895,,,,
12502,02/27/18 03:50:00  AM,7.870,,,,
12503,02/27/18 04:00:00  AM,7.845,,,,
12504,02/27/18 04:10:00  AM,7.820,,,,
12505,02/27/18 04:20:00  AM,7.820,,,,
12506,02/27/18 04:30:00  AM,7.820,,,,
12507,02/27/18 04:40:00  AM,7.795,,,,
12508,02/27/18 04:50:00  AM,7.795,,,,
12509,02/27/18 05:00:00  AM,7.770,,,,
12510,02/27/18 05:10:00  AM,7.695,,,,
12511,02/27/18 05:20:00  AM,7.645,,,,
12512,02/27/18 05:30:00  AM,7.720,,,,
12513,02/27/18 05:40:00  AM,7.670,,,,
12514,02/27/18 05:50:00  AM,7.720,,,,
12515,02/27/18 06:00:00  AM,7.670,,,,
12516,02/27/18 06:10:00  AM,7.670,,,,
12517,02/27/18 06:20:00  AM,7.645,,,,
12518,02/27/18 06:30:00  AM,7.619,,,,
12519,02/27/18 06:40:00  AM,7.594,,,,
12520,02/27/18 06:50:00  AM,7.594,,,,
12521,02/27/18 07:00:00  AM,7.569,,,,
12522,02/27/18 07:10:00  AM,7.594,,,,
12523,02/27/18 07:20:00  AM,7.619,,,,
12524,02/27/18 07:30:00  AM,7.569,,,,
12525,02/27/18 07:40:00  AM,7.544,,,,
12526,02/27/18 07:50:00  AM,7.544,,,,
12527,02/27/18 08:00:00  AM,7.519,,,,
12528,02/27/18 08:10:00  AM,7.494,,,,
12529,02/27/18 08:20:00  AM,7.469,,,,
12530,02/27/18 08:30:00  AM,7.469,,,,
12531,02/27/18 08:40:00  AM,7.469,,,,
12532,02/27/18 08:50:00  AM,7.419,,,,
12533,02/27/18 09:00:00  AM,7.419,,,,
12534,02/27/18 09:10:00  AM,7.444,,,,
12535,02/27/18 09:20:00  AM,7.419,,,,
12536,02/27/18 09:30:00  AM,7.444,,,,
12537,02/27/18 09:40:00  AM,7.469,,,,
12538,02/27/18 09:50:00  AM,7.494,,,,
12539,02/27/18 10:00:00  AM,7.519,,,,
12540,02/27/18 10:10:00  AM,7.519,,,,
12541,02/27/18 10:20:00  AM,7.519,,,,
12542,02/27/18 10:30:00  AM,7.519,,,,
12543,02/27/18 10:40:00  AM,7.745,,,,
12544,02/27/18 10:50:00  AM,7.770,,,,
12545,02/27/18 11:00:00  AM,7.820,,,,
12546,02/27/18 11:10:00  AM,7.845,,,,
12547,02/27/18 11:20:00  AM,7.870,,,,
12548,02/27/18 11:30:00  AM,7.870,,,,
12549,02/27/18 11:40:00  AM,7.895,,,,
12550,02/27/18 11:50:00  AM,7.895,,,,
12551,02/27/18 12:00:00  PM,7.895,,,,
12552,02/27/18 12:10:00  PM,7.895,,,,
12553,02/27/18 12:20:00  PM,7.870,,,,
12554,02/27/18 12:30:00  PM,7.895,,,,
12555,02/27/18 12:40:00  PM,7.895,,,,
12556,02/27/18 12:50:00  PM,7.895,,,,
12557,02/27/18 01:00:00  PM,7.895,,,,
12558,02/27/18 01:10:00  PM,7.895,,,,
12559,02/27/18 01:20:00  PM,7.895,,,,
12560,02/27/18 01:30:00  PM,7.895,,,,
12561,02/27/18 01:40:00  PM,7.895,,,,
12562,02/27/18 01:50:00  PM,7.920,,,,
12563,02/27/18 02:00:00  PM,7.920,,,,
12564,02/27/18 02:10:00  PM,7.920,,,,
12565,02/27/18 02:20:00  PM,7.920,,,,
12566,02/27/18 02:30:00  PM,7.920,,,,
12567,02/27/18 02:40:00  PM,7.920,,,,
12568,02/27/18 02:50:00  PM,7.920,,,,
12569,02/27/18 03:00:00  PM,7.920,,,,
12570,02/27/18 03:10:00  PM,7.895,,,,
12571,02/27/18 03:20:00  PM,7.895,,,,
12572,02/27/18 03:30:00  PM,7.895,,,,
12573,02/27/18 03:40:00  PM,7.895,,,,
12574,02/27/18 03:50:00  PM,7.870,,,,
12575,02/27/18 04:00:00  PM,7.870,,,,
12576,02/27/18 04:10:00  PM,7.870,,,,
12577,02/27/18 04:20:00  PM,7.845,,,,
12578,02/27/18 04:30:00  PM,7.845,,,,
12579,02/27/18 04:40:00  PM,7.820,,,,
12580,02/27/18 04:50:00  PM,7.770,,,,
12581,02/27/18 05:00:00  PM,7.745,,,,
12582,02/27/18 05:10:00  PM,7.745,,,,
12583,02/27/18 05:20:00  PM,7.720,,,,
12584,02/27/18 05:30:00  PM,7.695,,,,
12585,02/27/18 05:40:00  PM,7.670,,,,
12586,02/27/18 05:50:00  PM,7.619,,,,
12587,02/27/18 06:00:00  PM,7.594,,,,
12588,02/27/18 06:10:00  PM,7.569,,,,
12589,02/27/18 06:20:00  PM,7.519,,,,
12590,02/27/18 06:30:00  PM,7.469,,,,
12591,02/27/18 06:40:00  PM,7.444,,,,
12592,02/27/18 06:50:00  PM,7.419,,,,
12593,02/27/18 07:00:00  PM,7.393,,,,
12594,02/27/18 07:10:00  PM,7.368,,,,
12595,02/27/18 07:20:00  PM,7.469,,,,
12596,02/27/18 07:30:00  PM,7.494,,,,
12597,02/27/18 07:40:00  PM,7.519,,,,
12598,02/27/18 07:50:00  PM,7.469,,,,
12599,02/27/18 08:00:00  PM,7.469,,,,
12600,02/27/18 08:10:00  PM,7.444,,,,
12601,02/27/18 08:20:00  PM,7.469,,,,
12602,02/27/18 08:30:00  PM,7.419,,,,
12603,02/27/18 08:40:00  PM,7.419,,,,
12604,02/27/18 08:50:00  PM,7.419,,,,
12605,02/27/18 09:00:00  PM,7.393,,,,
12606,02/27/18 09:10:00  PM,7.368,,,,
12607,02/27/18 09:20:00  PM,7.343,,,,
12608,02/27/18 09:30:00  PM,7.318,,,,
12609,02/27/18 09:40:00  PM,7.343,,,,
12610,02/27/18 09:50:00  PM,7.368,,,,
12611,02/27/18 10:00:00  PM,7.343,,,,
12612,02/27/18 10:10:00  PM,7.318,,,,
12613,02/27/18 10:20:00  PM,7.343,,,,
12614,02/27/18 10:30:00  PM,7.318,,,,
12615,02/27/18 10:40:00  PM,7.318,,,,
12616,02/27/18 10:50:00  PM,7.318,,,,
12617,02/27/18 11:00:00  PM,7.368,,,,
12618,02/27/18 11:10:00  PM,7.318,,,,
12619,02/27/18 11:20:00  PM,7.343,,,,
12620,02/27/18 11:30:00  PM,7.494,,,,
12621,02/27/18 11:40:00  PM,7.544,,,,
12622,02/27/18 11:50:00  PM,7.645,,,,
12623,02/28/18 12:00:00  AM,7.695,,,,
12624,02/28/18 12:10:00  AM,7.670,,,,
12625,02/28/18 12:20:00  AM,7.720,,,,
12626,02/28/18 12:30:00  AM,7.670,,,,
12627,02/28/18 12:40:00  AM,7.745,,,,
12628,02/28/18 12:50:00  AM,7.795,,,,
12629,02/28/18 01:00:00  AM,7.795,,,,
12630,02/28/18 01:10:00  AM,7.795,,,,
12631,02/28/18 01:20:00  AM,7.795,,,,
12632,02/28/18 01:30:00  AM,7.820,,,,
12633,02/28/18 01:40:00  AM,7.820,,,,
12634,02/28/18 01:50:00  AM,7.820,,,,
12635,02/28/18 02:00:00  AM,7.845,,,,
12636,02/28/18 02:10:00  AM,7.870,,,,
12637,02/28/18 02:20:00  AM,7.870,,,,
12638,02/28/18 02:30:00  AM,7.870,,,,
12639,02/28/18 02:40:00  AM,7.870,,,,
12640,02/28/18 02:50:00  AM,7.870,,,,
12641,02/28/18 03:00:00  AM,7.870,,,,
12642,02/28/18 03:10:00  AM,7.845,,,,
12643,02/28/18 03:20:00  AM,7.820,,,,
12644,02/28/18 03:30:00  AM,7.820,,,,
12645,02/28/18 03:40:00  AM,7.820,,,,
12646,02/28/18 03:50:00  AM,7.820,,,,
12647,02/28/18 04:00:00  AM,7.795,,,,
12648,02/28/18 04:10:00  AM,7.795,,,,
12649,02/28/18 04:20:00  AM,7.795,,,,
12650,02/28/18 04:30:00  AM,7.770,,,,
12651,02/28/18 04:40:00  AM,7.770,,,,
12652,02/28/18 04:50:00  AM,7.770,,,,
12653,02/28/18 05:00:00  AM,7.745,,,,
12654,02/28/18 05:10:00  AM,7.720,,,,
12655,02/28/18 05:20:00  AM,7.695,,,,
12656,02/28/18 05:30:00  AM,7.670,,,,
12657,02/28/18 05:40:00  AM,7.645,,,,
12658,02/28/18 05:50:00  AM,7.594,,,,
12659,02/28/18 06:00:00  AM,7.544,,,,
12660,02/28/18 06:10:00  AM,7.519,,,,
12661,02/28/18 06:20:00  AM,7.469,,,,
12662,02/28/18 06:30:00  AM,7.419,,,,
12663,02/28/18 06:40:00  AM,7.393,,,,
12664,02/28/18 06:50:00  AM,7.368,,,,
12665,02/28/18 07:00:00  AM,7.343,,,,
12666,02/28/18 07:10:00  AM,7.318,,,,
12667,02/28/18 07:20:00  AM,7.293,,,,
12668,02/28/18 07:30:00  AM,7.293,,,,
12669,02/28/18 07:40:00  AM,7.268,,,,
12670,02/28/18 07:50:00  AM,7.242,,,,
12671,02/28/18 08:00:00  AM,7.217,,,,
12672,02/28/18 08:10:00  AM,7.217,,,,
12673,02/28/18 08:20:00  AM,7.192,,,,
12674,02/28/18 08:30:00  AM,7.192,,,,
12675,02/28/18 08:40:00  AM,7.167,,,,
12676,02/28/18 08:50:00  AM,7.217,,,,
12677,02/28/18 09:00:00  AM,7.242,,,,
12678,02/28/18 09:10:00  AM,7.217,,,,
12679,02/28/18 09:20:00  AM,7.293,,,,
12680,02/28/18 09:30:00  AM,7.293,,,,
12681,02/28/18 09:40:00  AM,7.318,,,,
12682,02/28/18 09:50:00  AM,7.293,,,,
12683,02/28/18 10:00:00  AM,7.268,,,,
12684,02/28/18 10:10:00  AM,7.268,,,,
12685,02/28/18 10:20:00  AM,7.268,,,,
12686,02/28/18 10:30:00  AM,7.343,,,,
12687,02/28/18 10:40:00  AM,7.494,,,,
12688,02/28/18 10:50:00  AM,7.419,,,,
12689,02/28/18 11:00:00  AM,7.519,,,,
12690,02/28/18 11:10:00  AM,7.720,,,,
12691,02/28/18 11:20:00  AM,7.720,,,,
12692,02/28/18 11:30:00  AM,7.745,,,,
12693,02/28/18 11:40:00  AM,7.745,,,,
12694,02/28/18 11:50:00  AM,7.770,,,,
12695,02/28/18 12:00:00  PM,7.820,,,,
12696,02/28/18 12:10:00  PM,7.820,,,,
12697,02/28/18 12:20:00  PM,7.870,,,,
12698,02/28/18 12:30:00  PM,7.870,,,,
12699,02/28/18 12:40:00  PM,7.870,,,,
12700,02/28/18 12:50:00  PM,7.870,,,,
12701,02/28/18 01:00:00  PM,7.870,,,,
12702,02/28/18 01:10:00  PM,7.870,,,,
12703,02/28/18 01:20:00  PM,7.870,,,,
12704,02/28/18 01:30:00  PM,7.870,,,,
12705,02/28/18 01:40:00  PM,7.870,,,,
12706,02/28/18 01:50:00  PM,7.870,,,,
12707,02/28/18 02:00:00  PM,7.870,,,,
12708,02/28/18 02:10:00  PM,7.870,,,,
12709,02/28/18 02:20:00  PM,7.870,,,,
12710,02/28/18 02:30:00  PM,7.870,,,,
12711,02/28/18 02:40:00  PM,7.895,,,,
12712,02/28/18 02:50:00  PM,7.895,,,,
12713,02/28/18 03:00:00  PM,7.870,,,,
12714,02/28/18 03:10:00  PM,7.870,,,,
12715,02/28/18 03:20:00  PM,7.870,,,,
12716,02/28/18 03:30:00  PM,7.870,,,,
12717,02/28/18 03:40:00  PM,7.870,,,,
12718,02/28/18 03:50:00  PM,7.845,,,,
12719,02/28/18 04:00:00  PM,7.845,,,,
12720,02/28/18 04:10:00  PM,7.820,,,,
12721,02/28/18 04:20:00  PM,7.820,,,,
12722,02/28/18 04:30:00  PM,7.795,,,,
12723,02/28/18 04:40:00  PM,7.795,,,,
12724,02/28/18 04:50:00  PM,7.795,,,,
12725,02/28/18 05:00:00  PM,7.795,,,,
12726,02/28/18 05:10:00  PM,7.770,,,,
12727,02/28/18 05:20:00  PM,7.770,,,,
12728,02/28/18 05:30:00  PM,7.745,,,,
12729,02/28/18 05:40:00  PM,7.720,,,,
12730,02/28/18 05:50:00  PM,7.720,,,,
12731,02/28/18 06:00:00  PM,7.745,,,,
12732,02/28/18 06:10:00  PM,7.720,,,,
12733,02/28/18 06:20:00  PM,7.670,,,,
12734,02/28/18 06:30:00  PM,7.695,,,,
12735,02/28/18 06:40:00  PM,7.670,,,,
12736,02/28/18 06:50:00  PM,7.670,,,,
12737,02/28/18 07:00:00  PM,7.619,,,,
12738,02/28/18 07:10:00  PM,7.594,,,,
12739,02/28/18 07:20:00  PM,7.619,,,,
12740,02/28/18 07:30:00  PM,7.594,,,,
12741,02/28/18 07:40:00  PM,7.544,,,,
12742,02/28/18 07:50:00  PM,7.544,,,,
12743,02/28/18 08:00:00  PM,7.544,,,,
12744,02/28/18 08:10:00  PM,7.393,,,,
12745,02/28/18 08:20:00  PM,7.494,,,,
12746,02/28/18 08:30:00  PM,7.469,,,,
12747,02/28/18 08:40:00  PM,7.368,,,,
12748,02/28/18 08:50:00  PM,7.293,,,,
12749,02/28/18 09:00:00  PM,7.318,,,,
12750,02/28/18 09:10:00  PM,7.293,,,,
12751,02/28/18 09:20:00  PM,7.242,,,,
12752,02/28/18 09:30:00  PM,7.192,,,,
12753,02/28/18 09:40:00  PM,7.116,,,,
12754,02/28/18 09:50:00  PM,7.167,,,,
12755,02/28/18 10:00:00  PM,7.192,,,,
12756,02/28/18 10:10:00  PM,7.066,,,,
12757,02/28/18 10:20:00  PM,7.066,,,,
12758,02/28/18 10:30:00  PM,7.192,,,,
12759,02/28/18 10:40:00  PM,7.167,,,,
12760,02/28/18 10:50:00  PM,7.242,,,,
12761,02/28/18 11:00:00  PM,7.192,,,,
12762,02/28/18 11:10:00  PM,7.116,,,,
12763,02/28/18 11:20:00  PM,7.116,,,,
12764,02/28/18 11:30:00  PM,7.167,,,,
12765,02/28/18 11:40:00  PM,7.519,,,,
12766,02/28/18 11:50:00  PM,7.645,,,,
12767,03/01/18 12:00:00  AM,7.619,,,,
12768,03/01/18 12:10:00  AM,7.745,,,,
12769,03/01/18 12:20:00  AM,7.795,,,,
12770,03/01/18 12:30:00  AM,7.720,,,,
12771,03/01/18 12:40:00  AM,7.745,,,,
12772,03/01/18 12:50:00  AM,7.745,,,,
12773,03/01/18 01:00:00  AM,7.745,,,,
12774,03/01/18 01:10:00  AM,7.720,,,,
12775,03/01/18 01:20:00  AM,7.745,,,,
12776,03/01/18 01:30:00  AM,7.720,,,,
12777,03/01/18 01:40:00  AM,7.720,,,,
12778,03/01/18 01:50:00  AM,7.745,,,,
12779,03/01/18 02:00:00  AM,7.720,,,,
12780,03/01/18 02:10:00  AM,7.720,,,,
12781,03/01/18 02:20:00  AM,7.745,,,,
12782,03/01/18 02:30:00  AM,7.770,,,,
12783,03/01/18 02:40:00  AM,7.770,,,,
12784,03/01/18 02:50:00  AM,7.795,,,,
12785,03/01/18 03:00:00  AM,7.795,,,,
12786,03/01/18 03:10:00  AM,7.820,,,,
12787,03/01/18 03:20:00  AM,7.820,,,,
12788,03/01/18 03:30:00  AM,7.845,,,,
12789,03/01/18 03:40:00  AM,7.845,,,,
12790,03/01/18 03:50:00  AM,7.845,,,,
12791,03/01/18 04:00:00  AM,7.845,,,,
12792,03/01/18 04:10:00  AM,7.845,,,,
12793,03/01/18 04:20:00  AM,7.845,,,,
12794,03/01/18 04:30:00  AM,7.845,,,,
12795,03/01/18 04:40:00  AM,7.820,,,,
12796,03/01/18 04:50:00  AM,7.820,,,,
12797,03/01/18 05:00:00  AM,7.795,,,,
12798,03/01/18 05:10:00  AM,7.820,,,,
12799,03/01/18 05:20:00  AM,7.820,,,,
12800,03/01/18 05:30:00  AM,7.820,,,,
12801,03/01/18 05:40:00  AM,7.820,,,,
12802,03/01/18 05:50:00  AM,7.795,,,,
12803,03/01/18 06:00:00  AM,7.795,,,,
12804,03/01/18 06:10:00  AM,7.745,,,,
12805,03/01/18 06:20:00  AM,7.770,,,,
12806,03/01/18 06:30:00  AM,7.695,,,,
12807,03/01/18 06:40:00  AM,7.695,,,,
12808,03/01/18 06:50:00  AM,7.670,,,,
12809,03/01/18 07:00:00  AM,7.645,,,,
12810,03/01/18 07:10:00  AM,7.670,,,,
12811,03/01/18 07:20:00  AM,7.594,,,,
12812,03/01/18 07:30:00  AM,7.569,,,,
12813,03/01/18 07:40:00  AM,7.569,,,,
12814,03/01/18 07:50:00  AM,7.544,,,,
12815,03/01/18 08:00:00  AM,7.569,,,,
12816,03/01/18 08:10:00  AM,7.544,,,,
12817,03/01/18 08:20:00  AM,7.519,,,,
12818,03/01/18 08:30:00  AM,7.519,,,,
12819,03/01/18 08:40:00  AM,7.469,,,,
12820,03/01/18 08:50:00  AM,7.469,,,,
12821,03/01/18 09:00:00  AM,7.469,,,,
12822,03/01/18 09:10:00  AM,7.444,,,,
12823,03/01/18 09:20:00  AM,7.419,,,,
12824,03/01/18 09:30:00  AM,7.419,,,,
12825,03/01/18 09:40:00  AM,7.393,,,,
12826,03/01/18 09:50:00  AM,7.393,,,,
12827,03/01/18 10:00:00  AM,7.393,,,,
12828,03/01/18 10:10:00  AM,7.368,,,,
12829,03/01/18 10:20:00  AM,7.343,,,,
12830,03/01/18 10:30:00  AM,7.343,,,,
12831,03/01/18 10:40:00  AM,7.343,,,,
12832,03/01/18 10:50:00  AM,7.343,,,,
12833,03/01/18 11:00:00  AM,7.343,,,,
12834,03/01/18 11:10:00  AM,7.368,,,,
12835,03/01/18 11:20:00  AM,7.393,,,,
12836,03/01/18 11:30:00  AM,7.419,,,,
12837,03/01/18 11:40:00  AM,7.419,,,,
12838,03/01/18 11:50:00  AM,7.519,,,,
12839,03/01/18 12:00:00  PM,7.519,,,,
12840,03/01/18 12:10:00  PM,7.569,,,,
12841,03/01/18 12:20:00  PM,7.569,,,,
12842,03/01/18 12:30:00  PM,7.569,,,,
12843,03/01/18 12:40:00  PM,7.619,,,,
12844,03/01/18 12:50:00  PM,7.645,,,,
12845,03/01/18 01:00:00  PM,7.645,,,,
12846,03/01/18 01:10:00  PM,7.670,,,,
12847,03/01/18 01:20:00  PM,7.670,,,,
12848,03/01/18 01:30:00  PM,7.670,,,,
12849,03/01/18 01:40:00  PM,7.670,,,,
12850,03/01/18 01:50:00  PM,7.720,,,,
12851,03/01/18 02:00:00  PM,7.720,,,,
12852,03/01/18 02:10:00  PM,7.695,,,,
12853,03/01/18 02:20:00  PM,7.695,,,,
12854,03/01/18 02:30:00  PM,7.695,,,,
12855,03/01/18 02:40:00  PM,7.670,,,,
12856,03/01/18 02:50:00  PM,7.645,,,,
12857,03/01/18 03:00:00  PM,7.619,,,,
12858,03/01/18 03:10:00  PM,7.619,,,,
12859,03/01/18 03:20:00  PM,7.645,,,,
12860,03/01/18 03:30:00  PM,7.645,,,,
12861,03/01/18 03:40:00  PM,7.670,,,,
12862,03/01/18 03:50:00  PM,7.670,,,,
12863,03/01/18 04:00:00  PM,7.670,,,,
12864,03/01/18 04:10:00  PM,7.670,,,,
12865,03/01/18 04:20:00  PM,7.670,,,,
12866,03/01/18 04:30:00  PM,7.645,,,,
12867,03/01/18 04:40:00  PM,7.645,,,,
12868,03/01/18 04:50:00  PM,7.670,,,,
12869,03/01/18 05:00:00  PM,7.670,,,,
12870,03/01/18 05:10:00  PM,7.670,,,,
12871,03/01/18 05:20:00  PM,7.670,,,,
12872,03/01/18 05:30:00  PM,7.670,,,,
12873,03/01/18 05:40:00  PM,7.670,,,,
12874,03/01/18 05:50:00  PM,7.645,,,,
12875,03/01/18 06:00:00  PM,7.619,,,,
12876,03/01/18 06:10:00  PM,7.619,,,,
12877,03/01/18 06:20:00  PM,7.619,,,,
12878,03/01/18 06:30:00  PM,7.594,,,,
12879,03/01/18 06:40:00  PM,7.569,,,,
12880,03/01/18 06:50:00  PM,7.569,,,,
12881,03/01/18 07:00:00  PM,7.544,,,,
12882,03/01/18 07:10:00  PM,7.494,,,,
12883,03/01/18 07:20:00  PM,7.469,,,,
12884,03/01/18 07:30:00  PM,7.469,,,,
12885,03/01/18 07:40:00  PM,7.494,,,,
12886,03/01/18 07:50:00  PM,7.368,,,,
12887,03/01/18 08:00:00  PM,7.368,,,,
12888,03/01/18 08:10:00  PM,7.318,,,,
12889,03/01/18 08:20:00  PM,7.268,,,,
12890,03/01/18 08:30:00  PM,7.268,,,,
12891,03/01/18 08:40:00  PM,7.242,,,,
12892,03/01/18 08:50:00  PM,7.217,,,,
12893,03/01/18 09:00:00  PM,7.192,,,,
12894,03/01/18 09:10:00  PM,7.217,,,,
12895,03/01/18 09:20:00  PM,7.167,,,,
12896,03/01/18 09:30:00  PM,7.242,,,,
12897,03/01/18 09:40:00  PM,7.343,,,,
12898,03/01/18 09:50:00  PM,7.293,,,,
12899,03/01/18 10:00:00  PM,7.293,,,,
12900,03/01/18 10:10:00  PM,7.393,,,,
12901,03/01/18 10:20:00  PM,7.368,,,,
12902,03/01/18 10:30:00  PM,7.268,,,,
12903,03/01/18 10:40:00  PM,7.268,,,,
12904,03/01/18 10:50:00  PM,7.268,,,,
12905,03/01/18 11:00:00  PM,7.268,,,,
12906,03/01/18 11:10:00  PM,7.268,,,,
12907,03/01/18 11:20:00  PM,7.242,,,,
12908,03/01/18 11:30:00  PM,7.242,,,,
12909,03/01/18 11:40:00  PM,7.242,,,,
12910,03/01/18 11:50:00  PM,7.268,,,,
12911,03/02/18 12:00:00  AM,7.242,,,,
12912,03/02/18 12:10:00  AM,7.293,,,,
12913,03/02/18 12:20:00  AM,7.343,,,,
12914,03/02/18 12:30:00  AM,7.343,,,,
12915,03/02/18 12:40:00  AM,7.419,,,,
12916,03/02/18 12:50:00  AM,7.544,,,,
12917,03/02/18 01:00:00  AM,7.519,,,,
12918,03/02/18 01:10:00  AM,7.594,,,,
12919,03/02/18 01:20:00  AM,7.594,,,,
12920,03/02/18 01:30:00  AM,7.619,,,,
12921,03/02/18 01:40:00  AM,7.619,,,,
12922,03/02/18 01:50:00  AM,7.569,,,,
12923,03/02/18 02:00:00  AM,7.544,,,,
12924,03/02/18 02:10:00  AM,7.519,,,,
12925,03/02/18 02:20:00  AM,7.519,,,,
12926,03/02/18 02:30:00  AM,7.519,,,,
12927,03/02/18 02:40:00  AM,7.544,,,,
12928,03/02/18 02:50:00  AM,7.519,,,,
12929,03/02/18 03:00:00  AM,7.519,,,,
12930,03/02/18 03:10:00  AM,7.519,,,,
12931,03/02/18 03:20:00  AM,7.569,,,,
12932,03/02/18 03:30:00  AM,7.619,,,,
12933,03/02/18 03:40:00  AM,7.569,,,,
12934,03/02/18 03:50:00  AM,7.569,,,,
12935,03/02/18 04:00:00  AM,7.569,,,,
12936,03/02/18 04:10:00  AM,7.569,,,,
12937,03/02/18 04:20:00  AM,7.544,,,,
12938,03/02/18 04:30:00  AM,7.544,,,,
12939,03/02/18 04:40:00  AM,7.544,,,,
12940,03/02/18 04:50:00  AM,7.519,,,,
12941,03/02/18 05:00:00  AM,7.519,,,,
12942,03/02/18 05:10:00  AM,7.519,,,,
12943,03/02/18 05:20:00  AM,7.519,,,,
12944,03/02/18 05:30:00  AM,7.519,,,,
12945,03/02/18 05:40:00  AM,7.519,,,,
12946,03/02/18 05:50:00  AM,7.494,,,,
12947,03/02/18 06:00:00  AM,7.494,,,,
12948,03/02/18 06:10:00  AM,7.494,,,,
12949,03/02/18 06:20:00  AM,7.469,,,,
12950,03/02/18 06:30:00  AM,7.469,,,,
12951,03/02/18 06:40:00  AM,7.444,,,,
12952,03/02/18 06:50:00  AM,7.419,,,,
12953,03/02/18 07:00:00  AM,7.393,,,,
12954,03/02/18 07:10:00  AM,7.343,,,,
12955,03/02/18 07:20:00  AM,7.318,,,,
12956,03/02/18 07:30:00  AM,7.318,,,,
12957,03/02/18 07:40:00  AM,7.293,,,,
12958,03/02/18 07:50:00  AM,7.268,,,,
12959,03/02/18 08:00:00  AM,7.268,,,,
12960,03/02/18 08:10:00  AM,7.268,,,,
12961,03/02/18 08:20:00  AM,7.293,,,,
12962,03/02/18 08:30:00  AM,7.293,,,,
12963,03/02/18 08:40:00  AM,7.318,,,,
12964,03/02/18 08:50:00  AM,7.293,,,,
12965,03/02/18 09:00:00  AM,7.217,,,,
12966,03/02/18 09:10:00  AM,7.217,,,,
12967,03/02/18 09:20:00  AM,7.268,,,,
12968,03/02/18 09:30:00  AM,7.192,,,,
12969,03/02/18 09:40:00  AM,7.167,,,,
12970,03/02/18 09:50:00  AM,7.242,,,,
12971,03/02/18 10:00:00  AM,7.192,,,,
12972,03/02/18 10:10:00  AM,7.192,,,,
12973,03/02/18 10:20:00  AM,7.242,,,,
12974,03/02/18 10:30:00  AM,7.242,,,,
12975,03/02/18 10:40:00  AM,7.242,,,,
12976,03/02/18 10:50:00  AM,7.242,,,,
12977,03/02/18 11:00:00  AM,7.242,,,,
12978,03/02/18 11:10:00  AM,7.217,,,,
12979,03/02/18 11:20:00  AM,7.217,,,,
12980,03/02/18 11:30:00  AM,7.217,,,,
12981,03/02/18 11:40:00  AM,7.242,,,,
12982,03/02/18 11:50:00  AM,7.242,,,,
12983,03/02/18 12:00:00  PM,7.217,,,,
12984,03/02/18 12:10:00  PM,7.217,,,,
12985,03/02/18 12:20:00  PM,7.268,,,,
12986,03/02/18 12:30:00  PM,7.268,,,,
12987,03/02/18 12:40:00  PM,7.343,,,,
12988,03/02/18 12:50:00  PM,7.393,,,,
12989,03/02/18 01:00:00  PM,7.494,,,,
12990,03/02/18 01:10:00  PM,7.569,,,,
12991,03/02/18 01:20:00  PM,7.569,,,,
12992,03/02/18 01:30:00  PM,7.695,,,,
12993,03/02/18 01:40:00  PM,7.770,,,,
12994,03/02/18 01:50:00  PM,7.795,,,,
12995,03/02/18 02:00:00  PM,7.820,,,,
12996,03/02/18 02:10:00  PM,7.820,,,,
12997,03/02/18 02:20:00  PM,7.820,,,,
12998,03/02/18 02:30:00  PM,7.820,,,,
12999,03/02/18 02:40:00  PM,7.745,,,,
13000,03/02/18 02:50:00  PM,7.695,,,,
13001,03/02/18 03:00:00  PM,7.670,,,,
13002,03/02/18 03:10:00  PM,7.569,,,,
13003,03/02/18 03:20:00  PM,7.619,,,,
13004,03/02/18 03:30:00  PM,7.594,,,,
13005,03/02/18 03:40:00  PM,7.519,,,,
13006,03/02/18 03:50:00  PM,7.494,,,,
13007,03/02/18 04:00:00  PM,7.469,,,,
13008,03/02/18 04:10:00  PM,7.469,,,,
13009,03/02/18 04:20:00  PM,7.494,,,,
13010,03/02/18 04:30:00  PM,7.469,,,,
13011,03/02/18 04:40:00  PM,7.469,,,,
13012,03/02/18 04:50:00  PM,7.469,,,,
13013,03/02/18 05:00:00  PM,7.469,,,,
13014,03/02/18 05:10:00  PM,7.469,,,,
13015,03/02/18 05:20:00  PM,7.444,,,,
13016,03/02/18 05:30:00  PM,7.419,,,,
13017,03/02/18 05:40:00  PM,7.419,,,,
13018,03/02/18 05:50:00  PM,7.419,,,,
13019,03/02/18 06:00:00  PM,7.393,,,,
13020,03/02/18 06:10:00  PM,7.393,,,,
13021,03/02/18 06:20:00  PM,7.343,,,,
13022,03/02/18 06:30:00  PM,7.343,,,,
13023,03/02/18 06:40:00  PM,7.368,,,,
13024,03/02/18 06:50:00  PM,7.393,,,,
13025,03/02/18 07:00:00  PM,7.318,,,,
13026,03/02/18 07:10:00  PM,7.318,,,,
13027,03/02/18 07:20:00  PM,7.419,,,,
13028,03/02/18 07:30:00  PM,7.419,,,,
13029,03/02/18 07:40:00  PM,7.419,,,,
13030,03/02/18 07:50:00  PM,7.393,,,,
13031,03/02/18 08:00:00  PM,7.368,,,,
13032,03/02/18 08:10:00  PM,7.419,,,,
13033,03/02/18 08:20:00  PM,7.343,,,,
13034,03/02/18 08:30:00  PM,7.318,,,,
13035,03/02/18 08:40:00  PM,7.343,,,,
13036,03/02/18 08:50:00  PM,7.268,,,,
13037,03/02/18 09:00:00  PM,7.142,,,,
13038,03/02/18 09:10:00  PM,7.142,,,,
13039,03/02/18 09:20:00  PM,7.066,,,,
13040,03/02/18 09:30:00  PM,7.066,,,,
13041,03/02/18 09:40:00  PM,7.066,,,,
13042,03/02/18 09:50:00  PM,7.041,,,,
13043,03/02/18 10:00:00  PM,7.066,,,,
13044,03/02/18 10:10:00  PM,7.066,,,,
13045,03/02/18 10:20:00  PM,7.041,,,,
13046,03/02/18 10:30:00  PM,7.091,,,,
13047,03/02/18 10:40:00  PM,7.142,,,,
13048,03/02/18 10:50:00  PM,7.192,,,,
13049,03/02/18 11:00:00  PM,7.192,,,,
13050,03/02/18 11:10:00  PM,7.167,,,,
13051,03/02/18 11:20:00  PM,7.142,,,,
13052,03/02/18 11:30:00  PM,7.192,,,,
13053,03/02/18 11:40:00  PM,7.192,,,,
13054,03/02/18 11:50:00  PM,7.192,,,,
13055,03/03/18 12:00:00  AM,7.192,,,,
13056,03/03/18 12:10:00  AM,7.192,,,,
13057,03/03/18 12:20:00  AM,7.268,,,,
13058,03/03/18 12:30:00  AM,7.343,,,,
13059,03/03/18 12:40:00  AM,7.343,,,,
13060,03/03/18 12:50:00  AM,7.343,,,,
13061,03/03/18 01:00:00  AM,7.519,,,,
13062,03/03/18 01:10:00  AM,7.569,,,,
13063,03/03/18 01:20:00  AM,7.670,,,,
13064,03/03/18 01:30:00  AM,7.745,,,,
13065,03/03/18 01:40:00  AM,7.795,,,,
13066,03/03/18 01:50:00  AM,7.795,,,,
13067,03/03/18 02:00:00  AM,7.770,,,,
13068,03/03/18 02:10:00  AM,7.720,,,,
13069,03/03/18 02:20:00  AM,7.720,,,,
13070,03/03/18 02:30:00  AM,7.720,,,,
13071,03/03/18 02:40:00  AM,7.720,,,,
13072,03/03/18 02:50:00  AM,7.695,,,,
13073,03/03/18 03:00:00  AM,7.770,,,,
13074,03/03/18 03:10:00  AM,7.670,,,,
13075,03/03/18 03:20:00  AM,7.720,,,,
13076,03/03/18 03:30:00  AM,7.770,,,,
13077,03/03/18 03:40:00  AM,7.795,,,,
13078,03/03/18 03:50:00  AM,7.795,,,,
13079,03/03/18 04:00:00  AM,7.770,,,,
13080,03/03/18 04:10:00  AM,7.745,,,,
13081,03/03/18 04:20:00  AM,7.745,,,,
13082,03/03/18 04:30:00  AM,7.770,,,,
13083,03/03/18 04:40:00  AM,7.770,,,,
13084,03/03/18 04:50:00  AM,7.770,,,,
13085,03/03/18 05:00:00  AM,7.770,,,,
13086,03/03/18 05:10:00  AM,7.720,,,,
13087,03/03/18 05:20:00  AM,7.720,,,,
13088,03/03/18 05:30:00  AM,7.695,,,,
13089,03/03/18 05:40:00  AM,7.670,,,,
13090,03/03/18 05:50:00  AM,7.645,,,,
13091,03/03/18 06:00:00  AM,7.619,,,,
13092,03/03/18 06:10:00  AM,7.594,,,,
13093,03/03/18 06:20:00  AM,7.544,,,,
13094,03/03/18 06:30:00  AM,7.444,,,,
13095,03/03/18 06:40:00  AM,7.393,,,,
13096,03/03/18 06:50:00  AM,7.368,,,,
13097,03/03/18 07:00:00  AM,7.268,,,,
13098,03/03/18 07:10:00  AM,7.217,,,,
13099,03/03/18 07:20:00  AM,7.167,,,,
13100,03/03/18 07:30:00  AM,7.116,,,,
13101,03/03/18 07:40:00  AM,7.116,,,,
13102,03/03/18 07:50:00  AM,7.142,,,,
13103,03/03/18 08:00:00  AM,7.167,,,,
13104,03/03/18 08:10:00  AM,7.116,,,,
13105,03/03/18 08:20:00  AM,7.091,,,,
13106,03/03/18 08:30:00  AM,7.091,,,,
13107,03/03/18 08:40:00  AM,7.041,,,,
13108,03/03/18 08:50:00  AM,7.041,,,,
13109,03/03/18 09:00:00  AM,7.066,,,,
13110,03/03/18 09:10:00  AM,7.041,,,,
13111,03/03/18 09:20:00  AM,7.041,,,,
13112,03/03/18 09:30:00  AM,7.015,,,,
13113,03/03/18 09:40:00  AM,7.066,,,,
13114,03/03/18 09:50:00  AM,7.041,,,,
13115,03/03/18 10:00:00  AM,7.015,,,,
13116,03/03/18 10:10:00  AM,6.965,,,,
13117,03/03/18 10:20:00  AM,6.990,,,,
13118,03/03/18 10:30:00  AM,6.990,,,,
13119,03/03/18 10:40:00  AM,6.990,,,,
13120,03/03/18 10:50:00  AM,6.940,,,,
13121,03/03/18 11:00:00  AM,6.990,,,,
13122,03/03/18 11:10:00  AM,6.965,,,,
13123,03/03/18 11:20:00  AM,6.914,,,,
13124,03/03/18 11:30:00  AM,6.965,,,,
13125,03/03/18 11:40:00  AM,6.965,,,,
13126,03/03/18 11:50:00  AM,6.965,,,,
13127,03/03/18 12:00:00  PM,7.066,,,,
13128,03/03/18 12:10:00  PM,7.091,,,,
13129,03/03/18 12:20:00  PM,7.116,,,,
13130,03/03/18 12:30:00  PM,7.142,,,,
13131,03/03/18 12:40:00  PM,7.142,,,,
13132,03/03/18 12:50:00  PM,7.142,,,,
13133,03/03/18 01:00:00  PM,7.167,,,,
13134,03/03/18 01:10:00  PM,7.167,,,,
13135,03/03/18 01:20:00  PM,7.192,,,,
13136,03/03/18 01:30:00  PM,7.192,,,,
13137,03/03/18 01:40:00  PM,7.293,,,,
13138,03/03/18 01:50:00  PM,7.419,,,,
13139,03/03/18 02:00:00  PM,7.594,,,,
13140,03/03/18 02:10:00  PM,7.695,,,,
13141,03/03/18 02:20:00  PM,7.720,,,,
13142,03/03/18 02:30:00  PM,7.720,,,,
13143,03/03/18 02:40:00  PM,7.745,,,,
13144,03/03/18 02:50:00  PM,7.770,,,,
13145,03/03/18 03:00:00  PM,7.820,,,,
13146,03/03/18 03:10:00  PM,7.845,,,,
13147,03/03/18 03:20:00  PM,7.820,,,,
13148,03/03/18 03:30:00  PM,7.820,,,,
13149,03/03/18 03:40:00  PM,7.695,,,,
13150,03/03/18 03:50:00  PM,7.695,,,,
13151,03/03/18 04:00:00  PM,7.720,,,,
13152,03/03/18 04:10:00  PM,7.745,,,,
13153,03/03/18 04:20:00  PM,7.720,,,,
13154,03/03/18 04:30:00  PM,7.695,,,,
13155,03/03/18 04:40:00  PM,7.670,,,,
13156,03/03/18 04:50:00  PM,7.645,,,,
13157,03/03/18 05:00:00  PM,7.645,,,,
13158,03/03/18 05:10:00  PM,7.670,,,,
13159,03/03/18 05:20:00  PM,7.619,,,,
13160,03/03/18 05:30:00  PM,7.594,,,,
13161,03/03/18 05:40:00  PM,7.594,,,,
13162,03/03/18 05:50:00  PM,7.619,,,,
13163,03/03/18 06:00:00  PM,7.569,,,,
13164,03/03/18 06:10:00  PM,7.569,,,,
13165,03/03/18 06:20:00  PM,7.569,,,,
13166,03/03/18 06:30:00  PM,7.569,,,,
13167,03/03/18 06:40:00  PM,7.569,,,,
13168,03/03/18 06:50:00  PM,7.569,,,,
13169,03/03/18 07:00:00  PM,7.544,,,,
13170,03/03/18 07:10:00  PM,7.544,,,,
13171,03/03/18 07:20:00  PM,7.469,,,,
13172,03/03/18 07:30:00  PM,7.419,,,,
13173,03/03/18 07:40:00  PM,7.494,,,,
13174,03/03/18 07:50:00  PM,7.494,,,,
13175,03/03/18 08:00:00  PM,7.469,,,,
13176,03/03/18 08:10:00  PM,7.419,,,,
13177,03/03/18 08:20:00  PM,7.393,,,,
13178,03/03/18 08:30:00  PM,7.368,,,,
13179,03/03/18 08:40:00  PM,7.343,,,,
13180,03/03/18 08:50:00  PM,7.192,,,,
13181,03/03/18 09:00:00  PM,7.066,,,,
13182,03/03/18 09:10:00  PM,7.091,,,,
13183,03/03/18 09:20:00  PM,7.142,,,,
13184,03/03/18 09:30:00  PM,7.066,,,,
13185,03/03/18 09:40:00  PM,6.990,,,,
13186,03/03/18 09:50:00  PM,6.990,,,,
13187,03/03/18 10:00:00  PM,6.990,,,,
13188,03/03/18 10:10:00  PM,6.965,,,,
13189,03/03/18 10:20:00  PM,6.914,,,,
13190,03/03/18 10:30:00  PM,6.940,,,,
13191,03/03/18 10:40:00  PM,6.965,,,,
13192,03/03/18 10:50:00  PM,6.889,,,,
13193,03/03/18 11:00:00  PM,6.889,,,,
13194,03/03/18 11:10:00  PM,6.965,,,,
13195,03/03/18 11:20:00  PM,6.990,,,,
13196,03/03/18 11:30:00  PM,6.965,,,,
13197,03/03/18 11:40:00  PM,7.066,,,,
13198,03/03/18 11:50:00  PM,7.066,,,,
13199,03/04/18 12:00:00  AM,7.066,,,,
13200,03/04/18 12:10:00  AM,7.041,,,,
13201,03/04/18 12:20:00  AM,7.041,,,,
13202,03/04/18 12:30:00  AM,7.015,,,,
13203,03/04/18 12:40:00  AM,7.066,,,,
13204,03/04/18 12:50:00  AM,7.041,,,,
13205,03/04/18 01:00:00  AM,7.217,,,,
13206,03/04/18 01:10:00  AM,7.469,,,,
13207,03/04/18 01:20:00  AM,7.494,,,,
13208,03/04/18 01:30:00  AM,7.569,,,,
13209,03/04/18 01:40:00  AM,7.569,,,,
13210,03/04/18 01:50:00  AM,7.670,,,,
13211,03/04/18 02:00:00  AM,7.695,,,,
13212,03/04/18 02:10:00  AM,7.670,,,,
13213,03/04/18 02:20:00  AM,7.720,,,,
13214,03/04/18 02:30:00  AM,7.695,,,,
13215,03/04/18 02:40:00  AM,7.670,,,,
13216,03/04/18 02:50:00  AM,7.695,,,,
13217,03/04/18 03:00:00  AM,7.720,,,,
13218,03/04/18 03:10:00  AM,7.770,,,,
13219,03/04/18 03:20:00  AM,7.770,,,,
13220,03/04/18 03:30:00  AM,7.795,,,,
13221,03/04/18 03:40:00  AM,7.795,,,,
13222,03/04/18 03:50:00  AM,7.795,,,,
13223,03/04/18 04:00:00  AM,7.820,,,,
13224,03/04/18 04:10:00  AM,7.795,,,,
13225,03/04/18 04:20:00  AM,7.820,,,,
13226,03/04/18 04:30:00  AM,7.795,,,,
13227,03/04/18 04:40:00  AM,7.795,,,,
13228,03/04/18 04:50:00  AM,7.795,,,,
13229,03/04/18 05:00:00  AM,7.745,,,,
13230,03/04/18 05:10:00  AM,7.770,,,,
13231,03/04/18 05:20:00  AM,7.770,,,,
13232,03/04/18 05:30:00  AM,7.770,,,,
13233,03/04/18 05:40:00  AM,7.770,,,,
13234,03/04/18 05:50:00  AM,7.720,,,,
13235,03/04/18 06:00:00  AM,7.670,,,,
13236,03/04/18 06:10:00  AM,7.695,,,,
13237,03/04/18 06:20:00  AM,7.695,,,,
13238,03/04/18 06:30:00  AM,7.645,,,,
13239,03/04/18 06:40:00  AM,7.670,,,,
13240,03/04/18 06:50:00  AM,7.645,,,,
13241,03/04/18 07:00:00  AM,7.670,,,,
13242,03/04/18 07:10:00  AM,7.619,,,,
13243,03/04/18 07:20:00  AM,7.569,,,,
13244,03/04/18 07:30:00  AM,7.569,,,,
13245,03/04/18 07:40:00  AM,7.544,,,,
13246,03/04/18 07:50:00  AM,7.494,,,,
13247,03/04/18 08:00:00  AM,7.419,,,,
13248,03/04/18 08:10:00  AM,7.343,,,,
13249,03/04/18 08:20:00  AM,7.318,,,,
13250,03/04/18 08:30:00  AM,7.268,,,,
13251,03/04/18 08:40:00  AM,7.217,,,,
13252,03/04/18 08:50:00  AM,7.192,,,,
13253,03/04/18 09:00:00  AM,7.116,,,,
13254,03/04/18 09:10:00  AM,7.091,,,,
13255,03/04/18 09:20:00  AM,7.066,,,,
13256,03/04/18 09:30:00  AM,6.990,,,,
13257,03/04/18 09:40:00  AM,6.990,,,,
13258,03/04/18 09:50:00  AM,6.965,,,,
13259,03/04/18 10:00:00  AM,6.965,,,,
13260,03/04/18 10:10:00  AM,6.965,,,,
13261,03/04/18 10:20:00  AM,7.041,,,,
13262,03/04/18 10:30:00  AM,7.041,,,,
13263,03/04/18 10:40:00  AM,7.066,,,,
13264,03/04/18 10:50:00  AM,7.041,,,,
13265,03/04/18 11:00:00  AM,7.041,,,,
13266,03/04/18 11:10:00  AM,7.015,,,,
13267,03/04/18 11:20:00  AM,7.015,,,,
13268,03/04/18 11:30:00  AM,7.142,,,,
13269,03/04/18 11:40:00  AM,7.217,,,,
13270,03/04/18 11:50:00  AM,7.217,,,,
13271,03/04/18 12:00:00  PM,7.192,,,,
13272,03/04/18 12:10:00  PM,7.217,,,,
13273,03/04/18 12:20:00  PM,7.268,,,,
13274,03/04/18 12:30:00  PM,7.368,,,,
13275,03/04/18 12:40:00  PM,7.444,,,,
13276,03/04/18 12:50:00  PM,7.494,,,,
13277,03/04/18 01:00:00  PM,7.494,,,,
13278,03/04/18 01:10:00  PM,7.519,,,,
13279,03/04/18 01:20:00  PM,7.544,,,,
13280,03/04/18 01:30:00  PM,7.569,,,,
13281,03/04/18 01:40:00  PM,7.619,,,,
13282,03/04/18 01:50:00  PM,7.670,,,,
13283,03/04/18 02:00:00  PM,7.670,,,,
13284,03/04/18 02:10:00  PM,7.695,,,,
13285,03/04/18 02:20:00  PM,7.695,,,,
13286,03/04/18 02:30:00  PM,7.720,,,,
13287,03/04/18 02:40:00  PM,7.720,,,,
13288,03/04/18 02:50:00  PM,7.745,,,,
13289,03/04/18 03:00:00  PM,7.745,,,,
13290,03/04/18 03:10:00  PM,7.745,,,,
13291,03/04/18 03:20:00  PM,7.745,,,,
13292,03/04/18 03:30:00  PM,7.770,,,,
13293,03/04/18 03:40:00  PM,7.770,,,,
13294,03/04/18 03:50:00  PM,7.795,,,,
13295,03/04/18 04:00:00  PM,7.820,,,,
13296,03/04/18 04:10:00  PM,7.820,,,,
13297,03/04/18 04:20:00  PM,7.820,,,,
13298,03/04/18 04:30:00  PM,7.795,,,,
13299,03/04/18 04:40:00  PM,7.770,,,,
13300,03/04/18 04:50:00  PM,7.770,,,,
13301,03/04/18 05:00:00  PM,7.745,,,,
13302,03/04/18 05:10:00  PM,7.720,,,,
13303,03/04/18 05:20:00  PM,7.720,,,,
13304,03/04/18 05:30:00  PM,7.720,,,,
13305,03/04/18 05:40:00  PM,7.720,,,,
13306,03/04/18 05:50:00  PM,7.720,,,,
13307,03/04/18 06:00:00  PM,7.720,,,,
13308,03/04/18 06:10:00  PM,7.695,,,,
13309,03/04/18 06:20:00  PM,7.670,,,,
13310,03/04/18 06:30:00  PM,7.619,,,,
13311,03/04/18 06:40:00  PM,7.619,,,,
13312,03/04/18 06:50:00  PM,7.619,,,,
13313,03/04/18 07:00:00  PM,7.619,,,,
13314,03/04/18 07:10:00  PM,7.619,,,,
13315,03/04/18 07:20:00  PM,7.619,,,,
13316,03/04/18 07:30:00  PM,7.594,,,,
13317,03/04/18 07:40:00  PM,7.569,,,,
13318,03/04/18 07:50:00  PM,7.544,,,,
13319,03/04/18 08:00:00  PM,7.519,,,,
13320,03/04/18 08:10:00  PM,7.494,,,,
13321,03/04/18 08:20:00  PM,7.469,,,,
13322,03/04/18 08:30:00  PM,7.419,,,,
13323,03/04/18 08:40:00  PM,7.393,,,,
13324,03/04/18 08:50:00  PM,7.368,,,,
13325,03/04/18 09:00:00  PM,7.268,,,,
13326,03/04/18 09:10:00  PM,7.217,,,,
13327,03/04/18 09:20:00  PM,7.192,,,,
13328,03/04/18 09:30:00  PM,7.268,,,,
13329,03/04/18 09:40:00  PM,7.167,,,,
13330,03/04/18 09:50:00  PM,7.142,,,,
13331,03/04/18 10:00:00  PM,6.965,,,,
13332,03/04/18 10:10:00  PM,7.217,,,,
13333,03/04/18 10:20:00  PM,7.242,,,,
13334,03/04/18 10:30:00  PM,7.293,,,,
13335,03/04/18 10:40:00  PM,7.293,,,,
13336,03/04/18 10:50:00  PM,6.990,,,,
13337,03/04/18 11:00:00  PM,7.142,,,,
13338,03/04/18 11:10:00  PM,7.242,,,,
13339,03/04/18 11:20:00  PM,7.242,,,,
13340,03/04/18 11:30:00  PM,7.293,,,,
13341,03/04/18 11:40:00  PM,7.242,,,,
13342,03/04/18 11:50:00  PM,7.242,,,,
13343,03/05/18 12:00:00  AM,7.318,,,,
13344,03/05/18 12:10:00  AM,7.268,,,,
13345,03/05/18 12:20:00  AM,7.293,,,,
13346,03/05/18 12:30:00  AM,7.343,,,,
13347,03/05/18 12:40:00  AM,7.368,,,,
13348,03/05/18 12:50:00  AM,7.419,,,,
13349,03/05/18 01:00:00  AM,7.419,,,,
13350,03/05/18 01:10:00  AM,7.444,,,,
13351,03/05/18 01:20:00  AM,7.469,,,,
13352,03/05/18 01:30:00  AM,7.469,,,,
13353,03/05/18 01:40:00  AM,7.469,,,,
13354,03/05/18 01:50:00  AM,7.469,,,,
13355,03/05/18 02:00:00  AM,7.494,,,,
13356,03/05/18 02:10:00  AM,7.469,,,,
13357,03/05/18 02:20:00  AM,7.494,,,,
13358,03/05/18 02:30:00  AM,7.494,,,,
13359,03/05/18 02:40:00  AM,7.519,,,,
13360,03/05/18 02:50:00  AM,7.544,,,,
13361,03/05/18 03:00:00  AM,7.544,,,,
13362,03/05/18 03:10:00  AM,7.544,,,,
13363,03/05/18 03:20:00  AM,7.594,,,,
13364,03/05/18 03:30:00  AM,7.619,,,,
13365,03/05/18 03:40:00  AM,7.619,,,,
13366,03/05/18 03:50:00  AM,7.720,,,,
13367,03/05/18 04:00:00  AM,7.720,,,,
13368,03/05/18 04:10:00  AM,7.745,,,,
13369,03/05/18 04:20:00  AM,7.695,,,,
13370,03/05/18 04:30:00  AM,7.720,,,,
13371,03/05/18 04:40:00  AM,7.695,,,,
13372,03/05/18 04:50:00  AM,7.670,,,,
13373,03/05/18 05:00:00  AM,7.645,,,,
13374,03/05/18 05:10:00  AM,7.695,,,,
13375,03/05/18 05:20:00  AM,7.670,,,,
13376,03/05/18 05:30:00  AM,7.645,,,,
13377,03/05/18 05:40:00  AM,7.619,,,,
13378,03/05/18 05:50:00  AM,7.695,,,,
13379,03/05/18 06:00:00  AM,7.645,,,,
13380,03/05/18 06:10:00  AM,7.645,,,,
13381,03/05/18 06:20:00  AM,7.594,,,,
13382,03/05/18 06:30:00  AM,7.594,,,,
13383,03/05/18 06:40:00  AM,7.594,,,,
13384,03/05/18 06:50:00  AM,7.594,,,,
13385,03/05/18 07:00:00  AM,7.569,,,,
13386,03/05/18 07:10:00  AM,7.569,,,,
13387,03/05/18 07:20:00  AM,7.544,,,,
13388,03/05/18 07:30:00  AM,7.544,,,,
13389,03/05/18 07:40:00  AM,7.544,,,,
13390,03/05/18 07:50:00  AM,7.494,,,,
13391,03/05/18 08:00:00  AM,7.494,,,,
13392,03/05/18 08:10:00  AM,7.469,,,,
13393,03/05/18 08:20:00  AM,7.444,,,,
13394,03/05/18 08:30:00  AM,7.419,,,,
13395,03/05/18 08:40:00  AM,7.393,,,,
13396,03/05/18 08:50:00  AM,7.419,,,,
13397,03/05/18 09:00:00  AM,7.368,,,,
13398,03/05/18 09:10:00  AM,7.343,,,,
13399,03/05/18 09:20:00  AM,7.318,,,,
13400,03/05/18 09:30:00  AM,7.318,,,,
13401,03/05/18 09:40:00  AM,7.293,,,,
13402,03/05/18 09:50:00  AM,7.142,,,,
13403,03/05/18 10:00:00  AM,7.116,,,,
13404,03/05/18 10:10:00  AM,7.015,,,,
13405,03/05/18 10:20:00  AM,7.015,,,,
13406,03/05/18 10:30:00  AM,7.091,,,,
13407,03/05/18 10:40:00  AM,7.091,,,,
13408,03/05/18 10:50:00  AM,7.116,,,,
13409,03/05/18 11:00:00  AM,7.142,,,,
13410,03/05/18 11:10:00  AM,7.116,,,,
13411,03/05/18 11:20:00  AM,7.116,,,,
13412,03/05/18 11:30:00  AM,7.217,,,,
13413,03/05/18 11:40:00  AM,7.293,,,,
13414,03/05/18 11:50:00  AM,7.318,,,,
13415,03/05/18 12:00:00  PM,7.268,,,,
13416,03/05/18 12:10:00  PM,7.192,,,,
13417,03/05/18 12:20:00  PM,7.217,,,,
13418,03/05/18 12:30:00  PM,7.192,,,,
13419,03/05/18 12:40:00  PM,7.192,,,,
13420,03/05/18 12:50:00  PM,7.217,,,,
13421,03/05/18 01:00:00  PM,7.192,,,,
13422,03/05/18 01:10:00  PM,7.192,,,,
13423,03/05/18 01:20:00  PM,7.242,,,,
13424,03/05/18 01:30:00  PM,7.268,,,,
13425,03/05/18 01:40:00  PM,7.343,,,,
13426,03/05/18 01:50:00  PM,7.368,,,,
13427,03/05/18 02:00:00  PM,7.343,,,,
13428,03/05/18 02:10:00  PM,7.368,,,,
13429,03/05/18 02:20:00  PM,7.393,,,,
13430,03/05/18 02:30:00  PM,7.444,,,,
13431,03/05/18 02:40:00  PM,7.469,,,,
13432,03/05/18 02:50:00  PM,7.444,,,,
13433,03/05/18 03:00:00  PM,7.494,,,,
13434,03/05/18 03:10:00  PM,7.494,,,,
13435,03/05/18 03:20:00  PM,7.519,,,,
13436,03/05/18 03:30:00  PM,7.544,,,,
13437,03/05/18 03:40:00  PM,7.670,,,,
13438,03/05/18 03:50:00  PM,7.745,,,,
13439,03/05/18 04:00:00  PM,7.795,,,,
13440,03/05/18 04:10:00  PM,7.770,,,,
13441,03/05/18 04:20:00  PM,7.745,,,,
13442,03/05/18 04:30:00  PM,7.745,,,,
13443,03/05/18 04:40:00  PM,7.745,,,,
13444,03/05/18 04:50:00  PM,7.795,,,,
13445,03/05/18 05:00:00  PM,7.820,,,,
13446,03/05/18 05:10:00  PM,7.820,,,,
13447,03/05/18 05:20:00  PM,7.820,,,,
13448,03/05/18 05:30:00  PM,7.820,,,,
13449,03/05/18 05:40:00  PM,7.770,,,,
13450,03/05/18 05:50:00  PM,7.795,,,,
13451,03/05/18 06:00:00  PM,7.770,,,,
13452,03/05/18 06:10:00  PM,7.770,,,,
13453,03/05/18 06:20:00  PM,7.795,,,,
13454,03/05/18 06:30:00  PM,7.745,,,,
13455,03/05/18 06:40:00  PM,7.745,,,,
13456,03/05/18 06:50:00  PM,7.720,,,,
13457,03/05/18 07:00:00  PM,7.695,,,,
13458,03/05/18 07:10:00  PM,7.645,,,,
13459,03/05/18 07:20:00  PM,7.720,,,,
13460,03/05/18 07:30:00  PM,7.594,,,,
13461,03/05/18 07:40:00  PM,7.645,,,,
13462,03/05/18 07:50:00  PM,7.619,,,,
13463,03/05/18 08:00:00  PM,7.594,,,,
13464,03/05/18 08:10:00  PM,7.569,,,,
13465,03/05/18 08:20:00  PM,7.569,,,,
13466,03/05/18 08:30:00  PM,7.569,,,,
13467,03/05/18 08:40:00  PM,7.569,,,,
13468,03/05/18 08:50:00  PM,7.569,,,,
13469,03/05/18 09:00:00  PM,7.494,,,,
13470,03/05/18 09:10:00  PM,7.494,,,,
13471,03/05/18 09:20:00  PM,7.393,,,,
13472,03/05/18 09:30:00  PM,7.343,,,,
13473,03/05/18 09:40:00  PM,7.318,,,,
13474,03/05/18 09:50:00  PM,7.293,,,,
13475,03/05/18 10:00:00  PM,7.268,,,,
13476,03/05/18 10:10:00  PM,7.242,,,,
13477,03/05/18 10:20:00  PM,7.217,,,,
13478,03/05/18 10:30:00  PM,7.242,,,,
13479,03/05/18 10:40:00  PM,7.217,,,,
13480,03/05/18 10:50:00  PM,7.217,,,,
13481,03/05/18 11:00:00  PM,7.167,,,,
13482,03/05/18 11:10:00  PM,7.192,,,,
13483,03/05/18 11:20:00  PM,7.116,,,,
13484,03/05/18 11:30:00  PM,7.217,,,,
13485,03/05/18 11:40:00  PM,7.318,,,,
13486,03/05/18 11:50:00  PM,7.343,,,,
13487,03/06/18 12:00:00  AM,7.368,,,,
13488,03/06/18 12:10:00  AM,7.318,,,,
13489,03/06/18 12:20:00  AM,7.268,,,,
13490,03/06/18 12:30:00  AM,7.268,,,,
13491,03/06/18 12:40:00  AM,7.192,,,,
13492,03/06/18 12:50:00  AM,7.217,,,,
13493,03/06/18 01:00:00  AM,7.167,,,,
13494,03/06/18 01:10:00  AM,7.167,,,,
13495,03/06/18 01:20:00  AM,7.192,,,,
13496,03/06/18 01:30:00  AM,7.217,,,,
13497,03/06/18 01:40:00  AM,7.242,,,,
13498,03/06/18 01:50:00  AM,7.192,,,,
13499,03/06/18 02:00:00  AM,7.268,,,,
13500,03/06/18 02:10:00  AM,7.242,,,,
13501,03/06/18 02:20:00  AM,7.268,,,,
13502,03/06/18 02:30:00  AM,7.242,,,,
13503,03/06/18 02:40:00  AM,7.318,,,,
13504,03/06/18 02:50:00  AM,7.293,,,,
13505,03/06/18 03:00:00  AM,7.293,,,,
13506,03/06/18 03:10:00  AM,7.293,,,,
13507,03/06/18 03:20:00  AM,7.368,,,,
13508,03/06/18 03:30:00  AM,7.393,,,,
13509,03/06/18 03:40:00  AM,7.393,,,,
13510,03/06/18 03:50:00  AM,7.368,,,,
13511,03/06/18 04:00:00  AM,7.544,,,,
13512,03/06/18 04:10:00  AM,7.720,,,,
13513,03/06/18 04:20:00  AM,7.745,,,,
13514,03/06/18 04:30:00  AM,7.795,,,,
13515,03/06/18 04:40:00  AM,7.770,,,,
13516,03/06/18 04:50:00  AM,7.845,,,,
13517,03/06/18 05:00:00  AM,7.845,,,,
13518,03/06/18 05:10:00  AM,7.845,,,,
13519,03/06/18 05:20:00  AM,7.795,,,,
13520,03/06/18 05:30:00  AM,7.770,,,,
13521,03/06/18 05:40:00  AM,7.795,,,,
13522,03/06/18 05:50:00  AM,7.820,,,,
13523,03/06/18 06:00:00  AM,7.795,,,,
13524,03/06/18 06:10:00  AM,7.795,,,,
13525,03/06/18 06:20:00  AM,7.795,,,,
13526,03/06/18 06:30:00  AM,7.795,,,,
13527,03/06/18 06:40:00  AM,7.820,,,,
13528,03/06/18 06:50:00  AM,7.820,,,,
13529,03/06/18 07:00:00  AM,7.820,,,,
13530,03/06/18 07:10:00  AM,7.795,,,,
13531,03/06/18 07:20:00  AM,7.720,,,,
13532,03/06/18 07:30:00  AM,7.670,,,,
13533,03/06/18 07:40:00  AM,7.645,,,,
13534,03/06/18 07:50:00  AM,7.645,,,,
13535,03/06/18 08:00:00  AM,7.594,,,,
13536,03/06/18 08:10:00  AM,7.670,,,,
13537,03/06/18 08:20:00  AM,7.619,,,,
13538,03/06/18 08:30:00  AM,7.569,,,,
13539,03/06/18 08:40:00  AM,7.544,,,,
13540,03/06/18 08:50:00  AM,7.519,,,,
13541,03/06/18 09:00:00  AM,7.494,,,,
13542,03/06/18 09:10:00  AM,7.494,,,,
13543,03/06/18 09:20:00  AM,7.469,,,,
13544,03/06/18 09:30:00  AM,7.444,,,,
13545,03/06/18 09:40:00  AM,7.368,,,,
13546,03/06/18 09:50:00  AM,7.368,,,,
13547,03/06/18 10:00:00  AM,7.368,,,,
13548,03/06/18 10:10:00  AM,7.268,,,,
13549,03/06/18 10:20:00  AM,7.192,,,,
13550,03/06/18 10:30:00  AM,7.167,,,,
13551,03/06/18 10:40:00  AM,7.142,,,,
13552,03/06/18 10:50:00  AM,7.142,,,,
13553,03/06/18 11:00:00  AM,7.116,,,,
13554,03/06/18 11:10:00  AM,7.091,,,,
13555,03/06/18 11:20:00  AM,7.066,,,,
13556,03/06/18 11:30:00  AM,7.041,,,,
13557,03/06/18 11:40:00  AM,7.015,,,,
13558,03/06/18 11:50:00  AM,6.990,,,,
13559,03/06/18 12:00:00  PM,6.940,,,,
13560,03/06/18 12:10:00  PM,6.914,,,,
13561,03/06/18 12:20:00  PM,6.914,,,,
13562,03/06/18 12:30:00  PM,6.889,,,,
13563,03/06/18 12:40:00  PM,6.864,,,,
13564,03/06/18 12:50:00  PM,6.940,,,,
13565,03/06/18 01:00:00  PM,6.940,,,,
13566,03/06/18 01:10:00  PM,7.066,,,,
13567,03/06/18 01:20:00  PM,7.116,,,,
13568,03/06/18 01:30:00  PM,7.116,,,,
13569,03/06/18 01:40:00  PM,7.066,,,,
13570,03/06/18 01:50:00  PM,7.041,,,,
13571,03/06/18 02:00:00  PM,7.091,,,,
13572,03/06/18 02:10:00  PM,7.217,,,,
13573,03/06/18 02:20:00  PM,7.116,,,,
13574,03/06/18 02:30:00  PM,7.217,,,,
13575,03/06/18 02:40:00  PM,7.217,,,,
13576,03/06/18 02:50:00  PM,7.293,,,,
13577,03/06/18 03:00:00  PM,7.393,,,,
13578,03/06/18 03:10:00  PM,7.393,,,,
13579,03/06/18 03:20:00  PM,7.368,,,,
13580,03/06/18 03:30:00  PM,7.393,,,,
13581,03/06/18 03:40:00  PM,7.469,,,,
13582,03/06/18 03:50:00  PM,7.519,,,,
13583,03/06/18 04:00:00  PM,7.519,,,,
13584,03/06/18 04:10:00  PM,7.519,,,,
13585,03/06/18 04:20:00  PM,7.544,,,,
13586,03/06/18 04:30:00  PM,7.619,,,,
13587,03/06/18 04:40:00  PM,7.619,,,,
13588,03/06/18 04:50:00  PM,7.770,,,,
13589,03/06/18 05:00:00  PM,7.770,,,,
13590,03/06/18 05:10:00  PM,7.745,,,,
13591,03/06/18 05:20:00  PM,7.795,,,,
13592,03/06/18 05:30:00  PM,7.795,,,,
13593,03/06/18 05:40:00  PM,7.795,,,,
13594,03/06/18 05:50:00  PM,7.820,,,,
13595,03/06/18 06:00:00  PM,7.820,,,,
13596,03/06/18 06:10:00  PM,7.820,,,,
13597,03/06/18 06:20:00  PM,7.795,,,,
13598,03/06/18 06:30:00  PM,7.820,,,,
13599,03/06/18 06:40:00  PM,7.820,,,,
13600,03/06/18 06:50:00  PM,7.795,,,,
13601,03/06/18 07:00:00  PM,7.770,,,,
13602,03/06/18 07:10:00  PM,7.745,,,,
13603,03/06/18 07:20:00  PM,7.695,,,,
13604,03/06/18 07:30:00  PM,7.695,,,,
13605,03/06/18 07:40:00  PM,7.670,,,,
13606,03/06/18 07:50:00  PM,7.645,,,,
13607,03/06/18 08:00:00  PM,7.645,,,,
13608,03/06/18 08:10:00  PM,7.594,,,,
13609,03/06/18 08:20:00  PM,7.544,,,,
13610,03/06/18 08:30:00  PM,7.519,,,,
13611,03/06/18 08:40:00  PM,7.519,,,,
13612,03/06/18 08:50:00  PM,7.519,,,,
13613,03/06/18 09:00:00  PM,7.519,,,,
13614,03/06/18 09:10:00  PM,7.494,,,,
13615,03/06/18 09:20:00  PM,7.469,,,,
13616,03/06/18 09:30:00  PM,7.419,,,,
13617,03/06/18 09:40:00  PM,7.368,,,,
13618,03/06/18 09:50:00  PM,7.368,,,,
13619,03/06/18 10:00:00  PM,7.368,,,,
13620,03/06/18 10:10:00  PM,7.318,,,,
13621,03/06/18 10:20:00  PM,7.293,,,,
13622,03/06/18 10:30:00  PM,7.217,,,,
13623,03/06/18 10:40:00  PM,7.167,,,,
13624,03/06/18 10:50:00  PM,7.242,,,,
13625,03/06/18 11:00:00  PM,7.167,,,,
13626,03/06/18 11:10:00  PM,7.066,,,,
13627,03/06/18 11:20:00  PM,7.015,,,,
13628,03/06/18 11:30:00  PM,6.990,,,,
13629,03/06/18 11:40:00  PM,6.965,,,,
13630,03/06/18 11:50:00  PM,6.914,,,,
13631,03/07/18 12:00:00  AM,6.889,,,,
13632,03/07/18 12:10:00  AM,6.839,,,,
13633,03/07/18 12:20:00  AM,6.813,,,,
13634,03/07/18 12:30:00  AM,6.839,,,,
13635,03/07/18 12:40:00  AM,6.839,,,,
13636,03/07/18 12:50:00  AM,6.864,,,,
13637,03/07/18 01:00:00  AM,6.914,,,,
13638,03/07/18 01:10:00  AM,6.965,,,,
13639,03/07/18 01:20:00  AM,7.041,,,,
13640,03/07/18 01:30:00  AM,7.041,,,,
13641,03/07/18 01:40:00  AM,7.015,,,,
13642,03/07/18 01:50:00  AM,7.015,,,,
13643,03/07/18 02:00:00  AM,7.066,,,,
13644,03/07/18 02:10:00  AM,7.091,,,,
13645,03/07/18 02:20:00  AM,7.066,,,,
13646,03/07/18 02:30:00  AM,7.041,,,,
13647,03/07/18 02:40:00  AM,7.066,,,,
13648,03/07/18 02:50:00  AM,7.066,,,,
13649,03/07/18 03:00:00  AM,7.066,,,,
13650,03/07/18 03:10:00  AM,7.192,,,,
13651,03/07/18 03:20:00  AM,7.268,,,,
13652,03/07/18 03:30:00  AM,7.343,,,,
13653,03/07/18 03:40:00  AM,7.343,,,,
13654,03/07/18 03:50:00  AM,7.494,,,,
13655,03/07/18 04:00:00  AM,7.469,,,,
13656,03/07/18 04:10:00  AM,7.444,,,,
13657,03/07/18 04:20:00  AM,7.419,,,,
13658,03/07/18 04:30:00  AM,7.494,,,,
13659,03/07/18 04:40:00  AM,7.519,,,,
13660,03/07/18 04:50:00  AM,7.544,,,,
13661,03/07/18 05:00:00  AM,7.569,,,,
13662,03/07/18 05:10:00  AM,7.569,,,,
13663,03/07/18 05:20:00  AM,7.594,,,,
13664,03/07/18 05:30:00  AM,7.619,,,,
13665,03/07/18 05:40:00  AM,7.619,,,,
13666,03/07/18 05:50:00  AM,7.645,,,,
13667,03/07/18 06:00:00  AM,7.645,,,,
13668,03/07/18 06:10:00  AM,7.670,,,,
13669,03/07/18 06:20:00  AM,7.720,,,,
13670,03/07/18 06:30:00  AM,7.720,,,,
13671,03/07/18 06:40:00  AM,7.720,,,,
13672,03/07/18 06:50:00  AM,7.745,,,,
13673,03/07/18 07:00:00  AM,7.745,,,,
13674,03/07/18 07:10:00  AM,7.720,,,,
13675,03/07/18 07:20:00  AM,7.770,,,,
13676,03/07/18 07:30:00  AM,7.770,,,,
13677,03/07/18 07:40:00  AM,7.770,,,,
13678,03/07/18 07:50:00  AM,7.745,,,,
13679,03/07/18 08:00:00  AM,7.670,,,,
13680,03/07/18 08:10:00  AM,7.594,,,,
13681,03/07/18 08:20:00  AM,7.544,,,,
13682,03/07/18 08:30:00  AM,7.544,,,,
13683,03/07/18 08:40:00  AM,7.519,,,,
13684,03/07/18 08:50:00  AM,7.494,,,,
13685,03/07/18 09:00:00  AM,7.469,,,,
13686,03/07/18 09:10:00  AM,7.444,,,,
13687,03/07/18 09:20:00  AM,7.419,,,,
13688,03/07/18 09:30:00  AM,7.419,,,,
13689,03/07/18 09:40:00  AM,7.393,,,,
13690,03/07/18 09:50:00  AM,7.368,,,,
13691,03/07/18 10:00:00  AM,7.343,,,,
13692,03/07/18 10:10:00  AM,7.318,,,,
13693,03/07/18 10:20:00  AM,7.318,,,,
13694,03/07/18 10:30:00  AM,7.268,,,,
13695,03/07/18 10:40:00  AM,7.268,,,,
13696,03/07/18 10:50:00  AM,7.242,,,,
13697,03/07/18 11:00:00  AM,7.217,,,,
13698,03/07/18 11:10:00  AM,7.217,,,,
13699,03/07/18 11:20:00  AM,7.192,,,,
13700,03/07/18 11:30:00  AM,7.167,,,,
13701,03/07/18 11:40:00  AM,7.142,,,,
13702,03/07/18 11:50:00  AM,7.116,,,,
13703,03/07/18 12:00:00  PM,7.091,,,,
13704,03/07/18 12:10:00  PM,7.066,,,,
13705,03/07/18 12:20:00  PM,7.066,,,,
13706,03/07/18 12:30:00  PM,7.041,,,,
13707,03/07/18 12:40:00  PM,7.015,,,,
13708,03/07/18 12:50:00  PM,7.015,,,,
13709,03/07/18 01:00:00  PM,6.990,,,,
13710,03/07/18 01:10:00  PM,6.990,,,,
13711,03/07/18 01:20:00  PM,6.965,,,,
13712,03/07/18 01:30:00  PM,6.965,,,,
13713,03/07/18 01:40:00  PM,6.965,,,,
13714,03/07/18 01:50:00  PM,6.990,,,,
13715,03/07/18 02:00:00  PM,6.940,,,,
13716,03/07/18 02:10:00  PM,6.914,,,,
13717,03/07/18 02:20:00  PM,6.914,,,,
13718,03/07/18 02:30:00  PM,6.965,,,,
13719,03/07/18 02:40:00  PM,6.965,,,,
13720,03/07/18 02:50:00  PM,6.965,,,,
13721,03/07/18 03:00:00  PM,7.066,,,,
13722,03/07/18 03:10:00  PM,6.990,,,,
13723,03/07/18 03:20:00  PM,7.066,,,,
13724,03/07/18 03:30:00  PM,7.066,,,,
13725,03/07/18 03:40:00  PM,7.066,,,,
13726,03/07/18 03:50:00  PM,7.066,,,,
13727,03/07/18 04:00:00  PM,7.066,,,,
13728,03/07/18 04:10:00  PM,7.091,,,,
13729,03/07/18 04:20:00  PM,7.192,,,,
13730,03/07/18 04:30:00  PM,7.419,,,,
13731,03/07/18 04:40:00  PM,7.494,,,,
13732,03/07/18 04:50:00  PM,7.494,,,,
13733,03/07/18 05:00:00  PM,7.494,,,,
13734,03/07/18 05:10:00  PM,7.594,,,,
13735,03/07/18 05:20:00  PM,7.544,,,,
13736,03/07/18 05:30:00  PM,7.594,,,,
13737,03/07/18 05:40:00  PM,7.619,,,,
13738,03/07/18 05:50:00  PM,7.645,,,,
13739,03/07/18 06:00:00  PM,7.619,,,,
13740,03/07/18 06:10:00  PM,7.569,,,,
13741,03/07/18 06:20:00  PM,7.569,,,,
13742,03/07/18 06:30:00  PM,7.619,,,,
13743,03/07/18 06:40:00  PM,7.594,,,,
13744,03/07/18 06:50:00  PM,7.519,,,,
13745,03/07/18 07:00:00  PM,7.494,,,,
13746,03/07/18 07:10:00  PM,7.494,,,,
13747,03/07/18 07:20:00  PM,7.544,,,,
13748,03/07/18 07:30:00  PM,7.469,,,,
13749,03/07/18 07:40:00  PM,7.444,,,,
13750,03/07/18 07:50:00  PM,7.419,,,,
13751,03/07/18 08:00:00  PM,7.469,,,,
13752,03/07/18 08:10:00  PM,7.469,,,,
13753,03/07/18 08:20:00  PM,7.469,,,,
13754,03/07/18 08:30:00  PM,7.494,,,,
13755,03/07/18 08:40:00  PM,7.494,,,,
13756,03/07/18 08:50:00  PM,7.494,,,,
13757,03/07/18 09:00:00  PM,7.519,,,,
13758,03/07/18 09:10:00  PM,7.519,,,,
13759,03/07/18 09:20:00  PM,7.494,,,,
13760,03/07/18 09:30:00  PM,7.444,,,,
13761,03/07/18 09:40:00  PM,7.469,,,,
13762,03/07/18 09:50:00  PM,7.419,,,,
13763,03/07/18 10:00:00  PM,7.419,,,,
13764,03/07/18 10:10:00  PM,7.419,,,,
13765,03/07/18 10:20:00  PM,7.393,,,,
13766,03/07/18 10:30:00  PM,7.368,,,,
13767,03/07/18 10:40:00  PM,7.343,,,,
13768,03/07/18 10:50:00  PM,7.343,,,,
13769,03/07/18 11:00:00  PM,7.268,,,,
13770,03/07/18 11:10:00  PM,7.268,,,,
13771,03/07/18 11:20:00  PM,7.217,,,,
13772,03/07/18 11:30:00  PM,7.167,,,,
13773,03/07/18 11:40:00  PM,7.192,,,,
13774,03/07/18 11:50:00  PM,7.142,,,,
13775,03/08/18 12:00:00  AM,7.116,,,,
13776,03/08/18 12:10:00  AM,7.091,,,,
13777,03/08/18 12:20:00  AM,7.066,,,,
13778,03/08/18 12:30:00  AM,7.041,,,,
13779,03/08/18 12:40:00  AM,7.015,,,,
13780,03/08/18 12:50:00  AM,6.965,,,,
13781,03/08/18 01:00:00  AM,6.965,,,,
13782,03/08/18 01:10:00  AM,6.965,,,,
13783,03/08/18 01:20:00  AM,6.940,,,,
13784,03/08/18 01:30:00  AM,6.940,,,,
13785,03/08/18 01:40:00  AM,6.914,,,,
13786,03/08/18 01:50:00  AM,6.940,,,,
13787,03/08/18 02:00:00  AM,6.889,,,,
13788,03/08/18 02:10:00  AM,6.864,,,,
13789,03/08/18 02:20:00  AM,6.864,,,,
13790,03/08/18 02:30:00  AM,6.864,,,,
13791,03/08/18 02:40:00  AM,6.889,,,,
13792,03/08/18 02:50:00  AM,6.914,,,,
13793,03/08/18 03:00:00  AM,6.940,,,,
13794,03/08/18 03:10:00  AM,6.965,,,,
13795,03/08/18 03:20:00  AM,6.990,,,,
13796,03/08/18 03:30:00  AM,7.015,,,,
13797,03/08/18 03:40:00  AM,6.990,,,,
13798,03/08/18 03:50:00  AM,6.990,,,,
13799,03/08/18 04:00:00  AM,6.990,,,,
13800,03/08/18 04:10:00  AM,7.066,,,,
13801,03/08/18 04:20:00  AM,7.066,,,,
13802,03/08/18 04:30:00  AM,7.142,,,,
13803,03/08/18 04:40:00  AM,7.217,,,,
13804,03/08/18 04:50:00  AM,7.368,,,,
13805,03/08/18 05:00:00  AM,7.469,,,,
13806,03/08/18 05:10:00  AM,7.544,,,,
13807,03/08/18 05:20:00  AM,7.519,,,,
13808,03/08/18 05:30:00  AM,7.519,,,,
13809,03/08/18 05:40:00  AM,7.619,,,,
13810,03/08/18 05:50:00  AM,7.619,,,,
13811,03/08/18 06:00:00  AM,7.619,,,,
13812,03/08/18 06:10:00  AM,7.619,,,,
13813,03/08/18 06:20:00  AM,7.670,,,,
13814,03/08/18 06:30:00  AM,7.720,,,,
13815,03/08/18 06:40:00  AM,7.695,,,,
13816,03/08/18 06:50:00  AM,7.720,,,,
13817,03/08/18 07:00:00  AM,7.695,,,,
13818,03/08/18 07:10:00  AM,7.695,,,,
13819,03/08/18 07:20:00  AM,7.695,,,,
13820,03/08/18 07:30:00  AM,7.695,,,,
13821,03/08/18 07:40:00  AM,7.670,,,,
13822,03/08/18 07:50:00  AM,7.670,,,,
13823,03/08/18 08:00:00  AM,7.645,,,,
13824,03/08/18 08:10:00  AM,7.619,,,,
13825,03/08/18 08:20:00  AM,7.645,,,,
13826,03/08/18 08:30:00  AM,7.645,,,,
13827,03/08/18 08:40:00  AM,7.594,,,,
13828,03/08/18 08:50:00  AM,7.544,,,,
13829,03/08/18 09:00:00  AM,7.519,,,,
13830,03/08/18 09:10:00  AM,7.494,,,,
13831,03/08/18 09:20:00  AM,7.469,,,,
13832,03/08/18 09:30:00  AM,7.419,,,,
13833,03/08/18 09:40:00  AM,7.419,,,,
13834,03/08/18 09:50:00  AM,7.393,,,,
13835,03/08/18 10:00:00  AM,7.343,,,,
13836,03/08/18 10:10:00  AM,7.242,,,,
13837,03/08/18 10:20:00  AM,7.242,,,,
13838,03/08/18 10:30:00  AM,7.217,,,,
13839,03/08/18 10:40:00  AM,7.217,,,,
13840,03/08/18 10:50:00  AM,7.217,,,,
13841,03/08/18 11:00:00  AM,7.217,,,,
13842,03/08/18 11:10:00  AM,7.217,,,,
13843,03/08/18 11:20:00  AM,7.167,,,,
13844,03/08/18 11:30:00  AM,7.167,,,,
13845,03/08/18 11:40:00  AM,7.142,,,,
13846,03/08/18 11:50:00  AM,7.116,,,,
13847,03/08/18 12:00:00  PM,7.091,,,,
13848,03/08/18 12:10:00  PM,7.091,,,,
13849,03/08/18 12:20:00  PM,7.091,,,,
13850,03/08/18 12:30:00  PM,7.091,,,,
13851,03/08/18 12:40:00  PM,7.066,,,,
13852,03/08/18 12:50:00  PM,7.041,,,,
13853,03/08/18 01:00:00  PM,7.015,,,,
13854,03/08/18 01:10:00  PM,7.015,,,,
13855,03/08/18 01:20:00  PM,7.015,,,,
13856,03/08/18 01:30:00  PM,6.965,,,,
13857,03/08/18 01:40:00  PM,6.940,,,,
13858,03/08/18 01:50:00  PM,6.914,,,,
13859,03/08/18 02:00:00  PM,6.914,,,,
13860,03/08/18 02:10:00  PM,6.889,,,,
13861,03/08/18 02:20:00  PM,6.864,,,,
13862,03/08/18 02:30:00  PM,6.864,,,,
13863,03/08/18 02:40:00  PM,6.864,,,,
13864,03/08/18 02:50:00  PM,6.940,,,,
13865,03/08/18 03:00:00  PM,6.889,,,,
13866,03/08/18 03:10:00  PM,6.914,,,,
13867,03/08/18 03:20:00  PM,7.091,,,,
13868,03/08/18 03:30:00  PM,7.041,,,,
13869,03/08/18 03:40:00  PM,7.041,,,,
13870,03/08/18 03:50:00  PM,7.066,,,,
13871,03/08/18 04:00:00  PM,7.066,,,,
13872,03/08/18 04:10:00  PM,7.066,,,,
13873,03/08/18 04:20:00  PM,7.066,,,,
13874,03/08/18 04:30:00  PM,7.066,,,,
13875,03/08/18 04:40:00  PM,7.066,,,,
13876,03/08/18 04:50:00  PM,7.066,,,,
13877,03/08/18 05:00:00  PM,7.066,,,,
13878,03/08/18 05:10:00  PM,7.066,,,,
13879,03/08/18 05:20:00  PM,7.066,,,,
13880,03/08/18 05:30:00  PM,7.091,,,,
13881,03/08/18 05:40:00  PM,7.293,,,,
13882,03/08/18 05:50:00  PM,7.393,,,,
13883,03/08/18 06:00:00  PM,7.393,,,,
13884,03/08/18 06:10:00  PM,7.393,,,,
13885,03/08/18 06:20:00  PM,7.393,,,,
13886,03/08/18 06:30:00  PM,7.393,,,,
13887,03/08/18 06:40:00  PM,7.469,,,,
13888,03/08/18 06:50:00  PM,7.469,,,,
13889,03/08/18 07:00:00  PM,7.544,,,,
13890,03/08/18 07:10:00  PM,7.544,,,,
13891,03/08/18 07:20:00  PM,7.594,,,,
13892,03/08/18 07:30:00  PM,7.594,,,,
13893,03/08/18 07:40:00  PM,7.569,,,,
13894,03/08/18 07:50:00  PM,7.519,,,,
13895,03/08/18 08:00:00  PM,7.494,,,,
13896,03/08/18 08:10:00  PM,7.469,,,,
13897,03/08/18 08:20:00  PM,7.494,,,,
13898,03/08/18 08:30:00  PM,7.469,,,,
13899,03/08/18 08:40:00  PM,7.444,,,,
13900,03/08/18 08:50:00  PM,7.444,,,,
13901,03/08/18 09:00:00  PM,7.419,,,,
13902,03/08/18 09:10:00  PM,7.419,,,,
13903,03/08/18 09:20:00  PM,7.444,,,,
13904,03/08/18 09:30:00  PM,7.469,,,,
13905,03/08/18 09:40:00  PM,7.444,,,,
13906,03/08/18 09:50:00  PM,7.444,,,,
13907,03/08/18 10:00:00  PM,7.444,,,,
13908,03/08/18 10:10:00  PM,7.444,,,,
13909,03/08/18 10:20:00  PM,7.419,,,,
13910,03/08/18 10:30:00  PM,7.419,,,,
13911,03/08/18 10:40:00  PM,7.419,,,,
13912,03/08/18 10:50:00  PM,7.318,,,,
13913,03/08/18 11:00:00  PM,7.293,,,,
13914,03/08/18 11:10:00  PM,7.242,,,,
13915,03/08/18 11:20:00  PM,7.217,,,,
13916,03/08/18 11:30:00  PM,7.167,,,,
13917,03/08/18 11:40:00  PM,7.142,,,,
13918,03/08/18 11:50:00  PM,7.116,,,,
13919,03/09/18 12:00:00  AM,7.091,,,,
13920,03/09/18 12:10:00  AM,7.066,,,,
13921,03/09/18 12:20:00  AM,7.066,,,,
13922,03/09/18 12:30:00  AM,7.041,,,,
13923,03/09/18 12:40:00  AM,7.041,,,,
13924,03/09/18 12:50:00  AM,7.015,,,,
13925,03/09/18 01:00:00  AM,7.015,,,,
13926,03/09/18 01:10:00  AM,6.990,,,,
13927,03/09/18 01:20:00  AM,6.965,,,,
13928,03/09/18 01:30:00  AM,6.940,,,,
13929,03/09/18 01:40:00  AM,6.965,,,,
13930,03/09/18 01:50:00  AM,6.940,,,,
13931,03/09/18 02:00:00  AM,6.940,,,,
13932,03/09/18 02:10:00  AM,6.940,,,,
13933,03/09/18 02:20:00  AM,6.940,,,,
13934,03/09/18 02:30:00  AM,6.940,,,,
13935,03/09/18 02:40:00  AM,6.914,,,,
13936,03/09/18 02:50:00  AM,6.940,,,,
13937,03/09/18 03:00:00  AM,6.990,,,,
13938,03/09/18 03:10:00  AM,6.965,,,,
13939,03/09/18 03:20:00  AM,7.015,,,,
13940,03/09/18 03:30:00  AM,6.965,,,,
13941,03/09/18 03:40:00  AM,6.990,,,,
13942,03/09/18 03:50:00  AM,6.990,,,,
13943,03/09/18 04:00:00  AM,6.965,,,,
13944,03/09/18 04:10:00  AM,6.965,,,,
13945,03/09/18 04:20:00  AM,6.965,,,,
13946,03/09/18 04:30:00  AM,6.990,,,,
13947,03/09/18 04:40:00  AM,6.990,,,,
13948,03/09/18 04:50:00  AM,6.990,,,,
13949,03/09/18 05:00:00  AM,6.990,,,,
13950,03/09/18 05:10:00  AM,6.990,,,,
13951,03/09/18 05:20:00  AM,6.990,,,,
13952,03/09/18 05:30:00  AM,6.990,,,,
13953,03/09/18 05:40:00  AM,7.015,,,,
13954,03/09/18 05:50:00  AM,7.268,,,,
13955,03/09/18 06:00:00  AM,7.293,,,,
13956,03/09/18 06:10:00  AM,7.343,,,,
13957,03/09/18 06:20:00  AM,7.393,,,,
13958,03/09/18 06:30:00  AM,7.419,,,,
13959,03/09/18 06:40:00  AM,7.569,,,,
13960,03/09/18 06:50:00  AM,7.544,,,,
13961,03/09/18 07:00:00  AM,7.544,,,,
13962,03/09/18 07:10:00  AM,7.594,,,,
13963,03/09/18 07:20:00  AM,7.594,,,,
13964,03/09/18 07:30:00  AM,7.619,,,,
13965,03/09/18 07:40:00  AM,7.670,,,,
13966,03/09/18 07:50:00  AM,7.695,,,,
13967,03/09/18 08:00:00  AM,7.720,,,,
13968,03/09/18 08:10:00  AM,7.695,,,,
13969,03/09/18 08:20:00  AM,7.695,,,,
13970,03/09/18 08:30:00  AM,7.695,,,,
13971,03/09/18 08:40:00  AM,7.670,,,,
13972,03/09/18 08:50:00  AM,7.670,,,,
13973,03/09/18 09:00:00  AM,7.670,,,,
13974,03/09/18 09:10:00  AM,7.670,,,,
13975,03/09/18 09:20:00  AM,7.695,,,,
13976,03/09/18 09:30:00  AM,7.670,,,,
13977,03/09/18 09:40:00  AM,7.670,,,,
13978,03/09/18 09:50:00  AM,7.645,,,,
13979,03/09/18 10:00:00  AM,7.645,,,,
13980,03/09/18 10:10:00  AM,7.619,,,,
13981,03/09/18 10:20:00  AM,7.594,,,,
13982,03/09/18 10:30:00  AM,7.569,,,,
13983,03/09/18 10:40:00  AM,7.519,,,,
13984,03/09/18 10:50:00  AM,7.419,,,,
13985,03/09/18 11:00:00  AM,7.419,,,,
13986,03/09/18 11:10:00  AM,7.419,,,,
13987,03/09/18 11:20:00  AM,7.419,,,,
13988,03/09/18 11:30:00  AM,7.393,,,,
13989,03/09/18 11:40:00  AM,7.393,,,,
13990,03/09/18 11:50:00  AM,7.368,,,,
13991,03/09/18 12:00:00  PM,7.318,,,,
13992,03/09/18 12:10:00  PM,7.293,,,,
13993,03/09/18 12:20:00  PM,7.268,,,,
13994,03/09/18 12:30:00  PM,7.268,,,,
13995,03/09/18 12:40:00  PM,7.217,,,,
13996,03/09/18 12:50:00  PM,7.116,,,,
13997,03/09/18 01:00:00  PM,7.116,,,,
13998,03/09/18 01:10:00  PM,7.091,,,,
13999,03/09/18 01:20:00  PM,7.066,,,,
14000,03/09/18 01:30:00  PM,7.041,,,,
14001,03/09/18 01:40:00  PM,7.041,,,,
14002,03/09/18 01:50:00  PM,7.015,,,,
14003,03/09/18 02:00:00  PM,6.990,,,,
14004,03/09/18 02:10:00  PM,6.965,,,,
14005,03/09/18 02:20:00  PM,6.965,,,,
14006,03/09/18 02:30:00  PM,6.889,,,,
14007,03/09/18 02:40:00  PM,6.914,,,,
14008,03/09/18 02:50:00  PM,6.889,,,,
14009,03/09/18 03:00:00  PM,6.864,,,,
14010,03/09/18 03:10:00  PM,6.864,,,,
14011,03/09/18 03:20:00  PM,6.864,,,,
14012,03/09/18 03:30:00  PM,6.864,,,,
14013,03/09/18 03:40:00  PM,6.914,,,,
14014,03/09/18 03:50:00  PM,6.940,,,,
14015,03/09/18 04:00:00  PM,7.041,,,,
14016,03/09/18 04:10:00  PM,7.015,,,,
14017,03/09/18 04:20:00  PM,7.015,,,,
14018,03/09/18 04:30:00  PM,6.990,,,,
14019,03/09/18 04:40:00  PM,7.015,,,,
14020,03/09/18 04:50:00  PM,7.066,,,,
14021,03/09/18 05:00:00  PM,7.066,,,,
14022,03/09/18 05:10:00  PM,7.066,,,,
14023,03/09/18 05:20:00  PM,7.066,,,,
14024,03/09/18 05:30:00  PM,7.066,,,,
14025,03/09/18 05:40:00  PM,7.066,,,,
14026,03/09/18 05:50:00  PM,7.066,,,,
14027,03/09/18 06:00:00  PM,7.268,,,,
14028,03/09/18 06:10:00  PM,7.293,,,,
14029,03/09/18 06:20:00  PM,7.393,,,,
14030,03/09/18 06:30:00  PM,7.393,,,,
14031,03/09/18 06:40:00  PM,7.368,,,,
14032,03/09/18 06:50:00  PM,7.419,,,,
14033,03/09/18 07:00:00  PM,7.419,,,,
14034,03/09/18 07:10:00  PM,7.469,,,,
14035,03/09/18 07:20:00  PM,7.544,,,,
14036,03/09/18 07:30:00  PM,7.569,,,,
14037,03/09/18 07:40:00  PM,7.594,,,,
14038,03/09/18 07:50:00  PM,7.619,,,,
14039,03/09/18 08:00:00  PM,7.645,,,,
14040,03/09/18 08:10:00  PM,7.670,,,,
14041,03/09/18 08:20:00  PM,7.645,,,,
14042,03/09/18 08:30:00  PM,7.645,,,,
14043,03/09/18 08:40:00  PM,7.645,,,,
14044,03/09/18 08:50:00  PM,7.619,,,,
14045,03/09/18 09:00:00  PM,7.619,,,,
14046,03/09/18 09:10:00  PM,7.619,,,,
14047,03/09/18 09:20:00  PM,7.594,,,,
14048,03/09/18 09:30:00  PM,7.594,,,,
14049,03/09/18 09:40:00  PM,7.594,,,,
14050,03/09/18 09:50:00  PM,7.594,,,,
14051,03/09/18 10:00:00  PM,7.594,,,,
14052,03/09/18 10:10:00  PM,7.594,,,,
14053,03/09/18 10:20:00  PM,7.594,,,,
14054,03/09/18 10:30:00  PM,7.594,,,,
14055,03/09/18 10:40:00  PM,7.569,,,,
14056,03/09/18 10:50:00  PM,7.569,,,,
14057,03/09/18 11:00:00  PM,7.569,,,,
14058,03/09/18 11:10:00  PM,7.569,,,,
14059,03/09/18 11:20:00  PM,7.544,,,,
14060,03/09/18 11:30:00  PM,7.519,,,,
14061,03/09/18 11:40:00  PM,7.519,,,,
14062,03/09/18 11:50:00  PM,7.519,,,,
14063,03/10/18 12:00:00  AM,7.469,,,,
14064,03/10/18 12:10:00  AM,7.444,,,,
14065,03/10/18 12:20:00  AM,7.419,,,,
14066,03/10/18 12:30:00  AM,7.318,,,,
14067,03/10/18 12:40:00  AM,7.217,,,,
14068,03/10/18 12:50:00  AM,7.167,,,,
14069,03/10/18 01:00:00  AM,7.142,,,,
14070,03/10/18 01:10:00  AM,7.066,,,,
14071,03/10/18 01:20:00  AM,7.066,,,,
14072,03/10/18 01:30:00  AM,7.041,,,,
14073,03/10/18 01:40:00  AM,7.015,,,,
14074,03/10/18 01:50:00  AM,7.015,,,,
14075,03/10/18 02:00:00  AM,6.990,,,,
14076,03/10/18 02:10:00  AM,6.940,,,,
14077,03/10/18 02:20:00  AM,6.965,,,,
14078,03/10/18 02:30:00  AM,6.965,,,,
14079,03/10/18 02:40:00  AM,6.965,,,,
14080,03/10/18 02:50:00  AM,6.965,,,,
14081,03/10/18 03:00:00  AM,6.940,,,,
14082,03/10/18 03:10:00  AM,6.940,,,,
14083,03/10/18 03:20:00  AM,6.940,,,,
14084,03/10/18 03:30:00  AM,6.940,,,,
14085,03/10/18 03:40:00  AM,6.889,,,,
14086,03/10/18 03:50:00  AM,6.864,,,,
14087,03/10/18 04:00:00  AM,6.864,,,,
14088,03/10/18 04:10:00  AM,6.889,,,,
14089,03/10/18 04:20:00  AM,6.889,,,,
14090,03/10/18 04:30:00  AM,6.914,,,,
14091,03/10/18 04:40:00  AM,6.914,,,,
14092,03/10/18 04:50:00  AM,6.965,,,,
14093,03/10/18 05:00:00  AM,6.940,,,,
14094,03/10/18 05:10:00  AM,6.940,,,,
14095,03/10/18 05:20:00  AM,6.965,,,,
14096,03/10/18 05:30:00  AM,6.940,,,,
14097,03/10/18 05:40:00  AM,7.041,,,,
14098,03/10/18 05:50:00  AM,7.066,,,,
14099,03/10/18 06:00:00  AM,7.116,,,,
14100,03/10/18 06:10:00  AM,7.217,,,,
14101,03/10/18 06:20:00  AM,7.318,,,,
14102,03/10/18 06:30:00  AM,7.419,,,,
14103,03/10/18 06:40:00  AM,7.444,,,,
14104,03/10/18 06:50:00  AM,7.494,,,,
14105,03/10/18 07:00:00  AM,7.519,,,,
14106,03/10/18 07:10:00  AM,7.544,,,,
14107,03/10/18 07:20:00  AM,7.544,,,,
14108,03/10/18 07:30:00  AM,7.594,,,,
14109,03/10/18 07:40:00  AM,7.594,,,,
14110,03/10/18 07:50:00  AM,7.619,,,,
14111,03/10/18 08:00:00  AM,7.645,,,,
14112,03/10/18 08:10:00  AM,7.645,,,,
14113,03/10/18 08:20:00  AM,7.645,,,,
14114,03/10/18 08:30:00  AM,7.645,,,,
14115,03/10/18 08:40:00  AM,7.645,,,,
14116,03/10/18 08:50:00  AM,7.645,,,,
14117,03/10/18 09:00:00  AM,7.670,,,,
14118,03/10/18 09:10:00  AM,7.670,,,,
14119,03/10/18 09:20:00  AM,7.670,,,,
14120,03/10/18 09:30:00  AM,7.670,,,,
14121,03/10/18 09:40:00  AM,7.645,,,,
14122,03/10/18 09:50:00  AM,7.645,,,,
14123,03/10/18 10:00:00  AM,7.619,,,,
14124,03/10/18 10:10:00  AM,7.619,,,,
14125,03/10/18 10:20:00  AM,7.619,,,,
14126,03/10/18 10:30:00  AM,7.594,,,,
14127,03/10/18 10:40:00  AM,7.569,,,,
14128,03/10/18 10:50:00  AM,7.544,,,,
14129,03/10/18 11:00:00  AM,7.519,,,,
14130,03/10/18 11:10:00  AM,7.519,,,,
14131,03/10/18 11:20:00  AM,7.519,,,,
14132,03/10/18 11:30:00  AM,7.494,,,,
14133,03/10/18 11:40:00  AM,7.469,,,,
14134,03/10/18 11:50:00  AM,7.469,,,,
14135,03/10/18 12:00:00  PM,7.393,,,,
14136,03/10/18 12:10:00  PM,7.393,,,,
14137,03/10/18 12:20:00  PM,7.368,,,,
14138,03/10/18 12:30:00  PM,7.368,,,,
14139,03/10/18 12:40:00  PM,7.419,,,,
14140,03/10/18 12:50:00  PM,7.393,,,,
14141,03/10/18 01:00:00  PM,7.368,,,,
14142,03/10/18 01:10:00  PM,7.343,,,,
14143,03/10/18 01:20:00  PM,7.318,,,,
14144,03/10/18 01:30:00  PM,7.293,,,,
14145,03/10/18 01:40:00  PM,7.293,,,,
14146,03/10/18 01:50:00  PM,7.293,,,,
14147,03/10/18 02:00:00  PM,7.268,,,,
14148,03/10/18 02:10:00  PM,7.242,,,,
14149,03/10/18 02:20:00  PM,7.217,,,,
14150,03/10/18 02:30:00  PM,7.217,,,,
14151,03/10/18 02:40:00  PM,7.242,,,,
14152,03/10/18 02:50:00  PM,7.242,,,,
14153,03/10/18 03:00:00  PM,7.242,,,,
14154,03/10/18 03:10:00  PM,7.242,,,,
14155,03/10/18 03:20:00  PM,7.217,,,,
14156,03/10/18 03:30:00  PM,7.217,,,,
14157,03/10/18 03:40:00  PM,7.217,,,,
14158,03/10/18 03:50:00  PM,7.192,,,,
14159,03/10/18 04:00:00  PM,7.192,,,,
14160,03/10/18 04:10:00  PM,7.167,,,,
14161,03/10/18 04:20:00  PM,7.142,,,,
14162,03/10/18 04:30:00  PM,7.116,,,,
14163,03/10/18 04:40:00  PM,7.091,,,,
14164,03/10/18 04:50:00  PM,7.066,,,,
14165,03/10/18 05:00:00  PM,7.066,,,,
14166,03/10/18 05:10:00  PM,7.015,,,,
14167,03/10/18 05:20:00  PM,6.990,,,,
14168,03/10/18 05:30:00  PM,6.965,,,,
14169,03/10/18 05:40:00  PM,6.940,,,,
14170,03/10/18 05:50:00  PM,6.914,,,,
14171,03/10/18 06:00:00  PM,6.940,,,,
14172,03/10/18 06:10:00  PM,6.965,,,,
14173,03/10/18 06:20:00  PM,6.965,,,,
14174,03/10/18 06:30:00  PM,6.965,,,,
14175,03/10/18 06:40:00  PM,6.914,,,,
14176,03/10/18 06:50:00  PM,6.965,,,,
14177,03/10/18 07:00:00  PM,6.940,,,,
14178,03/10/18 07:10:00  PM,6.940,,,,
14179,03/10/18 07:20:00  PM,6.990,,,,
14180,03/10/18 07:30:00  PM,7.041,,,,
14181,03/10/18 07:40:00  PM,7.142,,,,
14182,03/10/18 07:50:00  PM,7.217,,,,
14183,03/10/18 08:00:00  PM,7.242,,,,
14184,03/10/18 08:10:00  PM,7.217,,,,
14185,03/10/18 08:20:00  PM,7.242,,,,
14186,03/10/18 08:30:00  PM,7.242,,,,
14187,03/10/18 08:40:00  PM,7.217,,,,
14188,03/10/18 08:50:00  PM,7.217,,,,
14189,03/10/18 09:00:00  PM,7.217,,,,
14190,03/10/18 09:10:00  PM,7.217,,,,
14191,03/10/18 09:20:00  PM,7.242,,,,
14192,03/10/18 09:30:00  PM,7.217,,,,
14193,03/10/18 09:40:00  PM,7.268,,,,
14194,03/10/18 09:50:00  PM,7.242,,,,
14195,03/10/18 10:00:00  PM,7.242,,,,
14196,03/10/18 10:10:00  PM,7.242,,,,
14197,03/10/18 10:20:00  PM,7.343,,,,
14198,03/10/18 10:30:00  PM,7.318,,,,
14199,03/10/18 10:40:00  PM,7.293,,,,
14200,03/10/18 10:50:00  PM,7.268,,,,
14201,03/10/18 11:00:00  PM,7.293,,,,
14202,03/10/18 11:10:00  PM,7.318,,,,
14203,03/10/18 11:20:00  PM,7.343,,,,
14204,03/10/18 11:30:00  PM,7.469,,,,
14205,03/10/18 11:40:00  PM,7.444,,,,
14206,03/10/18 11:50:00  PM,7.419,,,,
14207,03/11/18 12:00:00  AM,7.419,,,,
14208,03/11/18 12:10:00  AM,7.343,,,,
14209,03/11/18 12:20:00  AM,7.293,,,,
14210,03/11/18 12:30:00  AM,7.242,,,,
14211,03/11/18 12:40:00  AM,7.192,,,,
14212,03/11/18 12:50:00  AM,7.217,,,,
14213,03/11/18 01:00:00  AM,7.167,,,,
14214,03/11/18 01:10:00  AM,7.142,,,,
14215,03/11/18 01:20:00  AM,7.091,,,,
14216,03/11/18 01:30:00  AM,7.091,,,,
14217,03/11/18 01:40:00  AM,7.091,,,,
14218,03/11/18 01:50:00  AM,7.116,,,,
14219,03/11/18 02:00:00  AM,7.116,,,,
14220,03/11/18 02:10:00  AM,7.066,,,,
14221,03/11/18 02:20:00  AM,7.066,,,,
14222,03/11/18 02:30:00  AM,7.041,,,,
14223,03/11/18 02:40:00  AM,7.041,,,,
14224,03/11/18 02:50:00  AM,7.015,,,,
14225,03/11/18 03:00:00  AM,7.015,,,,
14226,03/11/18 03:10:00  AM,6.965,,,,
14227,03/11/18 03:20:00  AM,6.965,,,,
14228,03/11/18 03:30:00  AM,6.990,,,,
14229,03/11/18 03:40:00  AM,6.965,,,,
14230,03/11/18 03:50:00  AM,6.990,,,,
14231,03/11/18 04:00:00  AM,6.940,,,,
14232,03/11/18 04:10:00  AM,6.889,,,,
14233,03/11/18 04:20:00  AM,6.889,,,,
14234,03/11/18 04:30:00  AM,6.914,,,,
14235,03/11/18 04:40:00  AM,6.889,,,,
14236,03/11/18 04:50:00  AM,6.889,,,,
14237,03/11/18 05:00:00  AM,6.864,,,,
14238,03/11/18 05:10:00  AM,6.864,,,,
14239,03/11/18 05:20:00  AM,6.889,,,,
14240,03/11/18 05:30:00  AM,6.889,,,,
14241,03/11/18 05:40:00  AM,6.889,,,,
14242,03/11/18 05:50:00  AM,6.889,,,,
14243,03/11/18 06:00:00  AM,6.889,,,,
14244,03/11/18 06:10:00  AM,6.889,,,,
14245,03/11/18 06:20:00  AM,6.889,,,,
14246,03/11/18 06:30:00  AM,6.914,,,,
14247,03/11/18 06:40:00  AM,6.914,,,,
14248,03/11/18 06:50:00  AM,6.940,,,,
14249,03/11/18 07:00:00  AM,6.940,,,,
14250,03/11/18 07:10:00  AM,6.965,,,,
14251,03/11/18 07:20:00  AM,6.990,,,,
14252,03/11/18 07:30:00  AM,7.041,,,,
14253,03/11/18 07:40:00  AM,7.066,,,,
14254,03/11/18 07:50:00  AM,7.318,,,,
14255,03/11/18 08:00:00  AM,7.116,,,,
14256,03/11/18 08:10:00  AM,7.494,,,,
14257,03/11/18 08:20:00  AM,7.469,,,,
14258,03/11/18 08:30:00  AM,7.444,,,,
14259,03/11/18 08:40:00  AM,7.469,,,,
14260,03/11/18 08:50:00  AM,7.519,,,,
14261,03/11/18 09:00:00  AM,7.494,,,,
14262,03/11/18 09:10:00  AM,7.494,,,,
14263,03/11/18 09:20:00  AM,7.544,,,,
14264,03/11/18 09:30:00  AM,7.569,,,,
14265,03/11/18 09:40:00  AM,7.544,,,,
14266,03/11/18 09:50:00  AM,7.569,,,,
14267,03/11/18 10:00:00  AM,7.444,,,,
14268,03/11/18 10:10:00  AM,7.494,,,,
14269,03/11/18 10:20:00  AM,7.494,,,,
14270,03/11/18 10:30:00  AM,7.444,,,,
14271,03/11/18 10:40:00  AM,7.419,,,,
14272,03/11/18 10:50:00  AM,7.393,,,,
14273,03/11/18 11:00:00  AM,7.393,,,,
14274,03/11/18 11:10:00  AM,7.343,,,,
14275,03/11/18 11:20:00  AM,7.293,,,,
14276,03/11/18 11:30:00  AM,7.242,,,,
14277,03/11/18 11:40:00  AM,7.167,,,,
14278,03/11/18 11:50:00  AM,7.142,,,,
14279,03/11/18 12:00:00  PM,7.091,,,,
14280,03/11/18 12:10:00  PM,7.066,,,,
14281,03/11/18 12:20:00  PM,7.066,,,,
14282,03/11/18 12:30:00  PM,7.066,,,,
14283,03/11/18 12:40:00  PM,7.015,,,,
14284,03/11/18 12:50:00  PM,6.990,,,,
14285,03/11/18 01:00:00  PM,6.990,,,,
14286,03/11/18 01:10:00  PM,6.990,,,,
14287,03/11/18 01:20:00  PM,7.015,,,,
14288,03/11/18 01:30:00  PM,7.091,,,,
14289,03/11/18 01:40:00  PM,7.116,,,,
14290,03/11/18 01:50:00  PM,7.142,,,,
14291,03/11/18 02:00:00  PM,7.167,,,,
14292,03/11/18 02:10:00  PM,7.142,,,,
14293,03/11/18 02:20:00  PM,7.268,,,,
14294,03/11/18 02:30:00  PM,7.268,,,,
14295,03/11/18 02:40:00  PM,7.142,,,,
14296,03/11/18 02:50:00  PM,7.116,,,,
14297,03/11/18 03:00:00  PM,7.142,,,,
14298,03/11/18 03:10:00  PM,7.167,,,,
14299,03/11/18 03:20:00  PM,7.116,,,,
14300,03/11/18 03:30:00  PM,7.116,,,,
14301,03/11/18 03:40:00  PM,7.116,,,,
14302,03/11/18 03:50:00  PM,7.167,,,,
14303,03/11/18 04:00:00  PM,7.116,,,,
14304,03/11/18 04:10:00  PM,7.116,,,,
14305,03/11/18 04:20:00  PM,7.091,,,,
14306,03/11/18 04:30:00  PM,7.091,,,,
14307,03/11/18 04:40:00  PM,7.091,,,,
14308,03/11/18 04:50:00  PM,7.066,,,,
14309,03/11/18 05:00:00  PM,7.015,,,,
14310,03/11/18 05:10:00  PM,7.015,,,,
14311,03/11/18 05:20:00  PM,6.990,,,,
14312,03/11/18 05:30:00  PM,6.940,,,,
14313,03/11/18 05:40:00  PM,6.940,,,,
14314,03/11/18 05:50:00  PM,6.965,,,,
14315,03/11/18 06:00:00  PM,6.940,,,,
14316,03/11/18 06:10:00  PM,6.990,,,,
14317,03/11/18 06:20:00  PM,6.990,,,,
14318,03/11/18 06:30:00  PM,6.965,,,,
14319,03/11/18 06:40:00  PM,6.940,,,,
14320,03/11/18 06:50:00  PM,6.940,,,,
14321,03/11/18 07:00:00  PM,6.940,,,,
14322,03/11/18 07:10:00  PM,6.940,,,,
14323,03/11/18 07:20:00  PM,6.914,,,,
14324,03/11/18 07:30:00  PM,6.914,,,,
14325,03/11/18 07:40:00  PM,6.914,,,,
14326,03/11/18 07:50:00  PM,6.940,,,,
14327,03/11/18 08:00:00  PM,6.940,,,,
14328,03/11/18 08:10:00  PM,6.940,,,,
14329,03/11/18 08:20:00  PM,6.990,,,,
14330,03/11/18 08:30:00  PM,6.990,,,,
14331,03/11/18 08:40:00  PM,6.990,,,,
14332,03/11/18 08:50:00  PM,6.990,,,,
14333,03/11/18 09:00:00  PM,7.015,,,,
14334,03/11/18 09:10:00  PM,7.015,,,,
14335,03/11/18 09:20:00  PM,7.015,,,,
14336,03/11/18 09:30:00  PM,7.015,,,,
14337,03/11/18 09:40:00  PM,7.066,,,,
14338,03/11/18 09:50:00  PM,7.015,,,,
14339,03/11/18 10:00:00  PM,7.015,,,,
14340,03/11/18 10:10:00  PM,6.990,,,,
14341,03/11/18 10:20:00  PM,7.015,,,,
14342,03/11/18 10:30:00  PM,7.015,,,,
14343,03/11/18 10:40:00  PM,7.015,,,,
14344,03/11/18 10:50:00  PM,7.041,,,,
14345,03/11/18 11:00:00  PM,7.066,,,,
14346,03/11/18 11:10:00  PM,7.066,,,,
14347,03/11/18 11:20:00  PM,7.066,,,,
14348,03/11/18 11:30:00  PM,7.066,,,,
14349,03/11/18 11:40:00  PM,7.066,,,,
14350,03/11/18 11:50:00  PM,7.041,,,,
14351,03/12/18 12:00:00  AM,7.041,,,,
14352,03/12/18 12:10:00  AM,7.015,,,,
14353,03/12/18 12:20:00  AM,7.015,,,,
14354,03/12/18 12:30:00  AM,7.041,,,,
14355,03/12/18 12:40:00  AM,7.041,,,,
14356,03/12/18 12:50:00  AM,7.041,,,,
14357,03/12/18 01:00:00  AM,7.015,,,,
14358,03/12/18 01:10:00  AM,7.015,,,,
14359,03/12/18 01:20:00  AM,6.990,,,,
14360,03/12/18 01:30:00  AM,6.990,,,,
14361,03/12/18 01:40:00  AM,7.116,,,,
14362,03/12/18 01:50:00  AM,7.091,,,,
14363,03/12/18 02:00:00  AM,7.091,,,,
14364,03/12/18 02:10:00  AM,7.066,,,,
14365,03/12/18 02:20:00  AM,7.041,,,,
14366,03/12/18 02:30:00  AM,7.015,,,,
14367,03/12/18 02:40:00  AM,6.990,,,,
14368,03/12/18 02:50:00  AM,6.990,,,,
14369,03/12/18 03:00:00  AM,6.965,,,,
14370,03/12/18 03:10:00  AM,6.990,,,,
14371,03/12/18 03:20:00  AM,6.965,,,,
14372,03/12/18 03:30:00  AM,6.965,,,,
14373,03/12/18 03:40:00  AM,6.940,,,,
14374,03/12/18 03:50:00  AM,6.914,,,,
14375,03/12/18 04:00:00  AM,7.015,,,,
14376,03/12/18 04:10:00  AM,7.015,,,,
14377,03/12/18 04:20:00  AM,6.889,,,,
14378,03/12/18 04:30:00  AM,6.940,,,,
14379,03/12/18 04:40:00  AM,6.965,,,,
14380,03/12/18 04:50:00  AM,6.940,,,,
14381,03/12/18 05:00:00  AM,6.940,,,,
14382,03/12/18 05:10:00  AM,6.940,,,,
14383,03/12/18 05:20:00  AM,6.839,,,,
14384,03/12/18 05:30:00  AM,6.839,,,,
14385,03/12/18 05:40:00  AM,6.889,,,,
14386,03/12/18 05:50:00  AM,6.889,,,,
14387,03/12/18 06:00:00  AM,6.889,,,,
14388,03/12/18 06:10:00  AM,6.889,,,,
14389,03/12/18 06:20:00  AM,6.889,,,,
14390,03/12/18 06:30:00  AM,6.889,,,,
14391,03/12/18 06:40:00  AM,6.889,,,,
14392,03/12/18 06:50:00  AM,6.889,,,,
14393,03/12/18 07:00:00  AM,6.889,,,,
14394,03/12/18 07:10:00  AM,6.889,,,,
14395,03/12/18 07:20:00  AM,6.889,,,,
14396,03/12/18 07:30:00  AM,6.889,,,,
14397,03/12/18 07:40:00  AM,6.889,,,,
14398,03/12/18 07:50:00  AM,6.889,,,,
14399,03/12/18 08:00:00  AM,6.940,,,,
14400,03/12/18 08:10:00  AM,7.091,,,,
14401,03/12/18 08:20:00  AM,7.217,,,,
14402,03/12/18 08:30:00  AM,7.293,,,,
14403,03/12/18 08:40:00  AM,7.393,,,,
14404,03/12/18 08:50:00  AM,7.519,,,,
14405,03/12/18 09:00:00  AM,7.469,,,,
14406,03/12/18 09:10:00  AM,7.469,,,,
14407,03/12/18 09:20:00  AM,7.544,,,,
14408,03/12/18 09:30:00  AM,7.544,,,,
14409,03/12/18 09:40:00  AM,7.519,,,,
14410,03/12/18 09:50:00  AM,7.494,,,,
14411,03/12/18 10:00:00  AM,7.544,,,,
14412,03/12/18 10:10:00  AM,7.569,,,,
14413,03/12/18 10:20:00  AM,7.569,,,,
14414,03/12/18 10:30:00  AM,7.544,,,,
14415,03/12/18 10:40:00  AM,7.569,,,,
14416,03/12/18 10:50:00  AM,7.619,,,,
14417,03/12/18 11:00:00  AM,7.594,,,,
14418,03/12/18 11:10:00  AM,7.594,,,,
14419,03/12/18 11:20:00  AM,7.569,,,,
14420,03/12/18 11:30:00  AM,7.569,,,,
14421,03/12/18 11:40:00  AM,7.594,,,,
14422,03/12/18 11:50:00  AM,7.594,,,,
14423,03/12/18 12:00:00  PM,7.594,,,,
14424,03/12/18 12:10:00  PM,7.569,,,,
14425,03/12/18 12:20:00  PM,7.569,,,,
14426,03/12/18 12:30:00  PM,7.544,,,,
14427,03/12/18 12:40:00  PM,7.544,,,,
14428,03/12/18 12:50:00  PM,7.544,,,,
14429,03/12/18 01:00:00  PM,7.519,,,,
14430,03/12/18 01:10:00  PM,7.519,,,,
14431,03/12/18 01:20:00  PM,7.519,,,,
14432,03/12/18 01:30:00  PM,7.544,,,,
14433,03/12/18 01:40:00  PM,7.519,,,,
14434,03/12/18 01:50:00  PM,7.519,,,,
14435,03/12/18 02:00:00  PM,7.519,,,,
14436,03/12/18 02:10:00  PM,7.519,,,,
14437,03/12/18 02:20:00  PM,7.494,,,,
14438,03/12/18 02:30:00  PM,7.519,,,,
14439,03/12/18 02:40:00  PM,7.494,,,,
14440,03/12/18 02:50:00  PM,7.469,,,,
14441,03/12/18 03:00:00  PM,7.469,,,,
14442,03/12/18 03:10:00  PM,7.444,,,,
14443,03/12/18 03:20:00  PM,7.469,,,,
14444,03/12/18 03:30:00  PM,7.444,,,,
14445,03/12/18 03:40:00  PM,7.469,,,,
14446,03/12/18 03:50:00  PM,7.469,,,,
14447,03/12/18 04:00:00  PM,7.444,,,,
14448,03/12/18 04:10:00  PM,7.419,,,,
14449,03/12/18 04:20:00  PM,7.419,,,,
14450,03/12/18 04:30:00  PM,7.419,,,,
14451,03/12/18 04:40:00  PM,7.419,,,,
14452,03/12/18 04:50:00  PM,7.368,,,,
14453,03/12/18 05:00:00  PM,7.368,,,,
14454,03/12/18 05:10:00  PM,7.368,,,,
14455,03/12/18 05:20:00  PM,7.393,,,,
14456,03/12/18 05:30:00  PM,7.343,,,,
14457,03/12/18 05:40:00  PM,7.318,,,,
14458,03/12/18 05:50:00  PM,7.293,,,,
14459,03/12/18 06:00:00  PM,7.268,,,,
14460,03/12/18 06:10:00  PM,7.217,,,,
14461,03/12/18 06:20:00  PM,7.142,,,,
14462,03/12/18 06:30:00  PM,7.116,,,,
14463,03/12/18 06:40:00  PM,7.091,,,,
14464,03/12/18 06:50:00  PM,7.041,,,,
14465,03/12/18 07:00:00  PM,7.041,,,,
14466,03/12/18 07:10:00  PM,7.015,,,,
14467,03/12/18 07:20:00  PM,7.015,,,,
14468,03/12/18 07:30:00  PM,7.015,,,,
14469,03/12/18 07:40:00  PM,7.091,,,,
14470,03/12/18 07:50:00  PM,7.091,,,,
14471,03/12/18 08:00:00  PM,7.091,,,,
14472,03/12/18 08:10:00  PM,7.116,,,,
14473,03/12/18 08:20:00  PM,7.318,,,,
14474,03/12/18 08:30:00  PM,7.368,,,,
14475,03/12/18 08:40:00  PM,7.444,,,,
14476,03/12/18 08:50:00  PM,7.444,,,,
14477,03/12/18 09:00:00  PM,7.444,,,,
14478,03/12/18 09:10:00  PM,7.444,,,,
14479,03/12/18 09:20:00  PM,7.444,,,,
14480,03/12/18 09:30:00  PM,7.419,,,,
14481,03/12/18 09:40:00  PM,7.419,,,,
14482,03/12/18 09:50:00  PM,7.393,,,,
14483,03/12/18 10:00:00  PM,7.393,,,,
14484,03/12/18 10:10:00  PM,7.419,,,,
14485,03/12/18 10:20:00  PM,7.419,,,,
14486,03/12/18 10:30:00  PM,7.444,,,,
14487,03/12/18 10:40:00  PM,7.444,,,,
14488,03/12/18 10:50:00  PM,7.444,,,,
14489,03/12/18 11:00:00  PM,7.444,,,,
14490,03/12/18 11:10:00  PM,7.444,,,,
14491,03/12/18 11:20:00  PM,7.419,,,,
14492,03/12/18 11:30:00  PM,7.419,,,,
14493,03/12/18 11:40:00  PM,7.419,,,,
14494,03/12/18 11:50:00  PM,7.393,,,,
14495,03/13/18 12:00:00  AM,7.368,,,,
14496,03/13/18 12:10:00  AM,7.368,,,,
14497,03/13/18 12:20:00  AM,7.368,,,,
14498,03/13/18 12:30:00  AM,7.368,,,,
14499,03/13/18 12:40:00  AM,7.368,,,,
14500,03/13/18 12:50:00  AM,7.368,,,,
14501,03/13/18 01:00:00  AM,7.393,,,,
14502,03/13/18 01:10:00  AM,7.444,,,,
14503,03/13/18 01:20:00  AM,7.444,,,,
14504,03/13/18 01:30:00  AM,7.419,,,,
14505,03/13/18 01:40:00  AM,7.419,,,,
14506,03/13/18 01:50:00  AM,7.419,,,,
14507,03/13/18 02:00:00  AM,7.419,,,,
14508,03/13/18 02:10:00  AM,7.419,,,,
14509,03/13/18 02:20:00  AM,7.444,,,,
14510,03/13/18 02:30:00  AM,7.444,,,,
14511,03/13/18 02:40:00  AM,7.444,,,,
14512,03/13/18 02:50:00  AM,7.444,,,,
14513,03/13/18 03:00:00  AM,7.444,,,,
14514,03/13/18 03:10:00  AM,7.419,,,,
14515,03/13/18 03:20:00  AM,7.419,,,,
14516,03/13/18 03:30:00  AM,7.419,,,,
14517,03/13/18 03:40:00  AM,7.419,,,,
14518,03/13/18 03:50:00  AM,7.393,,,,
14519,03/13/18 04:00:00  AM,7.393,,,,
14520,03/13/18 04:10:00  AM,7.368,,,,
14521,03/13/18 04:20:00  AM,7.368,,,,
14522,03/13/18 04:30:00  AM,7.343,,,,
14523,03/13/18 04:40:00  AM,7.142,,,,
14524,03/13/18 04:50:00  AM,6.864,,,,
14525,03/13/18 05:00:00  AM,6.839,,,,
14526,03/13/18 05:10:00  AM,6.813,,,,
14527,03/13/18 05:20:00  AM,6.813,,,,
14528,03/13/18 05:30:00  AM,6.788,,,,
14529,03/13/18 05:40:00  AM,6.788,,,,
14530,03/13/18 05:50:00  AM,6.788,,,,
14531,03/13/18 06:00:00  AM,6.788,,,,
14532,03/13/18 06:10:00  AM,6.788,,,,
14533,03/13/18 06:20:00  AM,6.839,,,,
14534,03/13/18 06:30:00  AM,6.864,,,,
14535,03/13/18 06:40:00  AM,6.788,,,,
14536,03/13/18 06:50:00  AM,6.864,,,,
14537,03/13/18 07:00:00  AM,6.864,,,,
14538,03/13/18 07:10:00  AM,6.940,,,,
14539,03/13/18 07:20:00  AM,6.965,,,,
14540,03/13/18 07:30:00  AM,6.914,,,,
14541,03/13/18 07:40:00  AM,6.965,,,,
14542,03/13/18 07:50:00  AM,7.015,,,,
14543,03/13/18 08:00:00  AM,7.091,,,,
14544,03/13/18 08:10:00  AM,7.242,,,,
14545,03/13/18 08:20:00  AM,7.217,,,,
14546,03/13/18 08:30:00  AM,7.217,,,,
14547,03/13/18 08:40:00  AM,7.293,,,,
14548,03/13/18 08:50:00  AM,7.242,,,,
14549,03/13/18 09:00:00  AM,7.242,,,,
14550,03/13/18 09:10:00  AM,7.268,,,,
14551,03/13/18 09:20:00  AM,7.293,,,,
14552,03/13/18 09:30:00  AM,7.318,,,,
14553,03/13/18 09:40:00  AM,7.318,,,,
14554,03/13/18 09:50:00  AM,7.343,,,,
14555,03/13/18 10:00:00  AM,7.343,,,,
14556,03/13/18 10:10:00  AM,7.343,,,,
14557,03/13/18 10:20:00  AM,7.368,,,,
14558,03/13/18 10:30:00  AM,7.393,,,,
14559,03/13/18 10:40:00  AM,7.419,,,,
14560,03/13/18 10:50:00  AM,7.368,,,,
14561,03/13/18 11:00:00  AM,7.444,,,,
14562,03/13/18 11:10:00  AM,7.444,,,,
14563,03/13/18 11:20:00  AM,7.469,,,,
14564,03/13/18 11:30:00  AM,7.469,,,,
14565,03/13/18 11:40:00  AM,7.444,,,,
14566,03/13/18 11:50:00  AM,7.444,,,,
14567,03/13/18 12:00:00  PM,7.419,,,,
14568,03/13/18 12:10:00  PM,7.444,,,,
14569,03/13/18 12:20:00  PM,7.444,,,,
14570,03/13/18 12:30:00  PM,7.444,,,,
14571,03/13/18 12:40:00  PM,7.469,,,,
14572,03/13/18 12:50:00  PM,7.469,,,,
14573,03/13/18 01:00:00  PM,7.469,,,,
14574,03/13/18 01:10:00  PM,7.469,,,,
14575,03/13/18 01:20:00  PM,7.444,,,,
14576,03/13/18 01:30:00  PM,7.419,,,,
14577,03/13/18 01:40:00  PM,7.444,,,,
14578,03/13/18 01:50:00  PM,7.444,,,,
14579,03/13/18 02:00:00  PM,7.469,,,,
14580,03/13/18 02:10:00  PM,7.444,,,,
14581,03/13/18 02:20:00  PM,7.444,,,,
14582,03/13/18 02:30:00  PM,7.419,,,,
14583,03/13/18 02:40:00  PM,7.419,,,,
14584,03/13/18 02:50:00  PM,7.419,,,,
14585,03/13/18 03:00:00  PM,7.419,,,,
14586,03/13/18 03:10:00  PM,7.419,,,,
14587,03/13/18 03:20:00  PM,7.419,,,,
14588,03/13/18 03:30:00  PM,7.393,,,,
14589,03/13/18 03:40:00  PM,7.368,,,,
14590,03/13/18 03:50:00  PM,7.343,,,,
14591,03/13/18 04:00:00  PM,7.343,,,,
14592,03/13/18 04:10:00  PM,7.419,,,,
14593,03/13/18 04:20:00  PM,7.368,,,,
14594,03/13/18 04:30:00  PM,7.368,,,,
14595,03/13/18 04:40:00  PM,7.393,,,,
14596,03/13/18 04:50:00  PM,7.368,,,,
14597,03/13/18 05:00:00  PM,7.343,,,,
14598,03/13/18 05:10:00  PM,7.368,,,,
14599,03/13/18 05:20:00  PM,7.419,,,,
14600,03/13/18 05:30:00  PM,7.393,,,,
14601,03/13/18 05:40:00  PM,7.343,,,,
14602,03/13/18 05:50:00  PM,7.318,,,,
14603,03/13/18 06:00:00  PM,7.318,,,,
14604,03/13/18 06:10:00  PM,7.343,,,,
14605,03/13/18 06:20:00  PM,7.343,,,,
14606,03/13/18 06:30:00  PM,7.343,,,,
14607,03/13/18 06:40:00  PM,7.318,,,,
14608,03/13/18 06:50:00  PM,7.318,,,,
14609,03/13/18 07:00:00  PM,7.293,,,,
14610,03/13/18 07:10:00  PM,7.268,,,,
14611,03/13/18 07:20:00  PM,7.242,,,,
14612,03/13/18 07:30:00  PM,7.217,,,,
14613,03/13/18 07:40:00  PM,7.192,,,,
14614,03/13/18 07:50:00  PM,7.192,,,,
14615,03/13/18 08:00:00  PM,7.192,,,,
14616,03/13/18 08:10:00  PM,7.167,,,,
14617,03/13/18 08:20:00  PM,7.142,,,,
14618,03/13/18 08:30:00  PM,7.192,,,,
14619,03/13/18 08:40:00  PM,7.167,,,,
14620,03/13/18 08:50:00  PM,7.192,,,,
14621,03/13/18 09:00:00  PM,7.217,,,,
14622,03/13/18 09:10:00  PM,7.217,,,,
14623,03/13/18 09:20:00  PM,7.217,,,,
14624,03/13/18 09:30:00  PM,7.217,,,,
14625,03/13/18 09:40:00  PM,7.217,,,,
14626,03/13/18 09:50:00  PM,7.242,,,,
14627,03/13/18 10:00:00  PM,7.268,,,,
14628,03/13/18 10:10:00  PM,7.343,,,,
14629,03/13/18 10:20:00  PM,7.343,,,,
14630,03/13/18 10:30:00  PM,7.368,,,,
14631,03/13/18 10:40:00  PM,7.368,,,,
14632,03/13/18 10:50:00  PM,7.368,,,,
14633,03/13/18 11:00:00  PM,7.368,,,,
14634,03/13/18 11:10:00  PM,7.368,,,,
14635,03/13/18 11:20:00  PM,7.368,,,,
14636,03/13/18 11:30:00  PM,7.368,,,,
14637,03/13/18 11:40:00  PM,7.368,,,,
14638,03/13/18 11:50:00  PM,7.368,,,,
14639,03/14/18 12:00:00  AM,7.368,,,,
14640,03/14/18 12:10:00  AM,7.368,,,,
14641,03/14/18 12:20:00  AM,7.368,,,,
14642,03/14/18 12:30:00  AM,7.368,,,,
14643,03/14/18 12:40:00  AM,7.368,,,,
14644,03/14/18 12:50:00  AM,7.368,,,,
14645,03/14/18 01:00:00  AM,7.368,,,,
14646,03/14/18 01:10:00  AM,7.368,,,,
14647,03/14/18 01:20:00  AM,7.368,,,,
14648,03/14/18 01:30:00  AM,7.343,,,,
14649,03/14/18 01:40:00  AM,7.393,,,,
14650,03/14/18 01:50:00  AM,7.368,,,,
14651,03/14/18 02:00:00  AM,7.393,,,,
14652,03/14/18 02:10:00  AM,7.419,,,,
14653,03/14/18 02:20:00  AM,7.419,,,,
14654,03/14/18 02:30:00  AM,7.444,,,,
14655,03/14/18 02:40:00  AM,7.419,,,,
14656,03/14/18 02:50:00  AM,7.419,,,,
14657,03/14/18 03:00:00  AM,7.419,,,,
14658,03/14/18 03:10:00  AM,7.419,,,,
14659,03/14/18 03:20:00  AM,7.419,,,,
14660,03/14/18 03:30:00  AM,7.419,,,,
14661,03/14/18 03:40:00  AM,7.419,,,,
14662,03/14/18 03:50:00  AM,7.419,,,,
14663,03/14/18 04:00:00  AM,7.419,,,,
14664,03/14/18 04:10:00  AM,7.393,,,,
14665,03/14/18 04:20:00  AM,7.368,,,,
14666,03/14/18 04:30:00  AM,7.343,,,,
14667,03/14/18 04:40:00  AM,7.343,,,,
14668,03/14/18 04:50:00  AM,7.293,,,,
14669,03/14/18 05:00:00  AM,7.343,,,,
14670,03/14/18 05:10:00  AM,7.318,,,,
14671,03/14/18 05:20:00  AM,7.318,,,,
14672,03/14/18 05:30:00  AM,7.293,,,,
14673,03/14/18 05:40:00  AM,7.268,,,,
14674,03/14/18 05:50:00  AM,7.242,,,,
14675,03/14/18 06:00:00  AM,7.242,,,,
14676,03/14/18 06:10:00  AM,7.116,,,,
14677,03/14/18 06:20:00  AM,7.091,,,,
14678,03/14/18 06:30:00  AM,7.015,,,,
14679,03/14/18 06:40:00  AM,6.990,,,,
14680,03/14/18 06:50:00  AM,7.066,,,,
14681,03/14/18 07:00:00  AM,6.965,,,,
14682,03/14/18 07:10:00  AM,7.015,,,,
14683,03/14/18 07:20:00  AM,7.015,,,,
14684,03/14/18 07:30:00  AM,6.990,,,,
14685,03/14/18 07:40:00  AM,6.940,,,,
14686,03/14/18 07:50:00  AM,6.914,,,,
14687,03/14/18 08:00:00  AM,6.990,,,,
14688,03/14/18 08:10:00  AM,6.990,,,,
14689,03/14/18 08:20:00  AM,7.015,,,,
14690,03/14/18 08:30:00  AM,7.066,,,,
14691,03/14/18 08:40:00  AM,7.091,,,,
14692,03/14/18 08:50:00  AM,7.091,,,,
14693,03/14/18 09:00:00  AM,7.066,,,,
14694,03/14/18 09:10:00  AM,7.116,,,,
14695,03/14/18 09:20:00  AM,7.142,,,,
14696,03/14/18 09:30:00  AM,7.192,,,,
14697,03/14/18 09:40:00  AM,7.242,,,,
14698,03/14/18 09:50:00  AM,7.268,,,,
14699,03/14/18 10:00:00  AM,7.343,,,,
14700,03/14/18 10:10:00  AM,7.318,,,,
14701,03/14/18 10:20:00  AM,7.318,,,,
14702,03/14/18 10:30:00  AM,7.343,,,,
14703,03/14/18 10:40:00  AM,7.343,,,,
14704,03/14/18 10:50:00  AM,7.368,,,,
14705,03/14/18 11:00:00  AM,7.393,,,,
14706,03/14/18 11:10:00  AM,7.393,,,,
14707,03/14/18 11:20:00  AM,7.469,,,,
14708,03/14/18 11:30:00  AM,7.469,,,,
14709,03/14/18 11:40:00  AM,7.469,,,,
14710,03/14/18 11:50:00  AM,7.444,,,,
14711,03/14/18 12:00:00  PM,7.494,,,,
14712,03/14/18 12:10:00  PM,7.519,,,,
14713,03/14/18 12:20:00  PM,7.519,,,,
14714,03/14/18 12:30:00  PM,7.544,,,,
14715,03/14/18 12:40:00  PM,7.544,,,,
14716,03/14/18 12:50:00  PM,7.544,,,,
14717,03/14/18 01:00:00  PM,7.544,,,,
14718,03/14/18 01:10:00  PM,7.519,,,,
14719,03/14/18 01:20:00  PM,7.519,,,,
14720,03/14/18 01:30:00  PM,7.519,,,,
14721,03/14/18 01:40:00  PM,7.519,,,,
14722,03/14/18 01:50:00  PM,7.519,,,,
14723,03/14/18 02:00:00  PM,7.519,,,,
14724,03/14/18 02:10:00  PM,7.519,,,,
14725,03/14/18 02:20:00  PM,7.519,,,,
14726,03/14/18 02:30:00  PM,7.494,,,,
14727,03/14/18 02:40:00  PM,7.494,,,,
14728,03/14/18 02:50:00  PM,7.519,,,,
14729,03/14/18 03:00:00  PM,7.469,,,,
14730,03/14/18 03:10:00  PM,7.494,,,,
14731,03/14/18 03:20:00  PM,7.519,,,,
14732,03/14/18 03:30:00  PM,7.519,,,,
14733,03/14/18 03:40:00  PM,7.519,,,,
14734,03/14/18 03:50:00  PM,7.469,,,,
14735,03/14/18 04:00:00  PM,7.469,,,,
14736,03/14/18 04:10:00  PM,7.494,,,,
14737,03/14/18 04:20:00  PM,7.469,,,,
14738,03/14/18 04:30:00  PM,7.469,,,,
14739,03/14/18 04:40:00  PM,7.494,,,,
14740,03/14/18 04:50:00  PM,7.494,,,,
14741,03/14/18 05:00:00  PM,7.494,,,,
14742,03/14/18 05:10:00  PM,7.494,,,,
14743,03/14/18 05:20:00  PM,7.469,,,,
14744,03/14/18 05:30:00  PM,7.469,,,,
14745,03/14/18 05:40:00  PM,7.444,,,,
14746,03/14/18 05:50:00  PM,7.444,,,,
14747,03/14/18 06:00:00  PM,7.444,,,,
14748,03/14/18 06:10:00  PM,7.444,,,,
14749,03/14/18 06:20:00  PM,7.419,,,,
14750,03/14/18 06:30:00  PM,7.419,,,,
14751,03/14/18 06:40:00  PM,7.419,,,,
14752,03/14/18 06:50:00  PM,7.393,,,,
14753,03/14/18 07:00:00  PM,7.343,,,,
14754,03/14/18 07:10:00  PM,7.318,,,,
14755,03/14/18 07:20:00  PM,7.293,,,,
14756,03/14/18 07:30:00  PM,7.242,,,,
14757,03/14/18 07:40:00  PM,7.242,,,,
14758,03/14/18 07:50:00  PM,7.242,,,,
14759,03/14/18 08:00:00  PM,7.167,,,,
14760,03/14/18 08:10:00  PM,7.116,,,,
14761,03/14/18 08:20:00  PM,7.091,,,,
14762,03/14/18 08:30:00  PM,7.066,,,,
14763,03/14/18 08:40:00  PM,7.041,,,,
14764,03/14/18 08:50:00  PM,7.015,,,,
14765,03/14/18 09:00:00  PM,6.990,,,,
14766,03/14/18 09:10:00  PM,6.990,,,,
14767,03/14/18 09:20:00  PM,7.015,,,,
14768,03/14/18 09:30:00  PM,7.066,,,,
14769,03/14/18 09:40:00  PM,7.116,,,,
14770,03/14/18 09:50:00  PM,7.116,,,,
14771,03/14/18 10:00:00  PM,7.116,,,,
14772,03/14/18 10:10:00  PM,7.167,,,,
14773,03/14/18 10:20:00  PM,7.192,,,,
14774,03/14/18 10:30:00  PM,7.242,,,,
14775,03/14/18 10:40:00  PM,7.242,,,,
14776,03/14/18 10:50:00  PM,7.242,,,,
14777,03/14/18 11:00:00  PM,7.268,,,,
14778,03/14/18 11:10:00  PM,7.293,,,,
14779,03/14/18 11:20:00  PM,7.293,,,,
14780,03/14/18 11:30:00  PM,7.293,,,,
14781,03/14/18 11:40:00  PM,7.293,,,,
14782,03/14/18 11:50:00  PM,7.293,,,,
14783,03/15/18 12:00:00  AM,7.293,,,,
14784,03/15/18 12:10:00  AM,7.318,,,,
14785,03/15/18 12:20:00  AM,7.318,,,,
14786,03/15/18 12:30:00  AM,7.318,,,,
14787,03/15/18 12:40:00  AM,7.343,,,,
14788,03/15/18 12:50:00  AM,7.368,,,,
14789,03/15/18 01:00:00  AM,7.419,,,,
14790,03/15/18 01:10:00  AM,7.393,,,,
14791,03/15/18 01:20:00  AM,7.393,,,,
14792,03/15/18 01:30:00  AM,7.419,,,,
14793,03/15/18 01:40:00  AM,7.393,,,,
14794,03/15/18 01:50:00  AM,7.393,,,,
14795,03/15/18 02:00:00  AM,7.393,,,,
14796,03/15/18 02:10:00  AM,7.393,,,,
14797,03/15/18 02:20:00  AM,7.368,,,,
14798,03/15/18 02:30:00  AM,7.368,,,,
14799,03/15/18 02:40:00  AM,7.368,,,,
14800,03/15/18 02:50:00  AM,7.343,,,,
14801,03/15/18 03:00:00  AM,7.318,,,,
14802,03/15/18 03:10:00  AM,7.343,,,,
14803,03/15/18 03:20:00  AM,7.318,,,,
14804,03/15/18 03:30:00  AM,7.318,,,,
14805,03/15/18 03:40:00  AM,7.318,,,,
14806,03/15/18 03:50:00  AM,7.318,,,,
14807,03/15/18 04:00:00  AM,7.318,,,,
14808,03/15/18 04:10:00  AM,7.343,,,,
14809,03/15/18 04:20:00  AM,7.343,,,,
14810,03/15/18 04:30:00  AM,7.368,,,,
14811,03/15/18 04:40:00  AM,7.343,,,,
14812,03/15/18 04:50:00  AM,7.343,,,,
14813,03/15/18 05:00:00  AM,7.343,,,,
14814,03/15/18 05:10:00  AM,7.318,,,,
14815,03/15/18 05:20:00  AM,7.343,,,,
14816,03/15/18 05:30:00  AM,7.268,,,,
14817,03/15/18 05:40:00  AM,7.268,,,,
14818,03/15/18 05:50:00  AM,7.242,,,,
14819,03/15/18 06:00:00  AM,7.217,,,,
14820,03/15/18 06:10:00  AM,7.268,,,,
14821,03/15/18 06:20:00  AM,7.268,,,,
14822,03/15/18 06:30:00  AM,7.217,,,,
14823,03/15/18 06:40:00  AM,7.192,,,,
14824,03/15/18 06:50:00  AM,7.167,,,,
14825,03/15/18 07:00:00  AM,7.142,,,,
14826,03/15/18 07:10:00  AM,7.142,,,,
14827,03/15/18 07:20:00  AM,7.142,,,,
14828,03/15/18 07:30:00  AM,7.116,,,,
14829,03/15/18 07:40:00  AM,7.116,,,,
14830,03/15/18 07:50:00  AM,7.091,,,,
14831,03/15/18 08:00:00  AM,7.066,,,,
14832,03/15/18 08:10:00  AM,7.041,,,,
14833,03/15/18 08:20:00  AM,7.015,,,,
14834,03/15/18 08:30:00  AM,7.015,,,,
14835,03/15/18 08:40:00  AM,7.015,,,,
14836,03/15/18 08:50:00  AM,6.990,,,,
14837,03/15/18 09:00:00  AM,6.990,,,,
14838,03/15/18 09:10:00  AM,6.990,,,,
14839,03/15/18 09:20:00  AM,6.990,,,,
14840,03/15/18 09:30:00  AM,7.015,,,,
14841,03/15/18 09:40:00  AM,7.015,,,,
14842,03/15/18 09:50:00  AM,7.015,,,,
14843,03/15/18 10:00:00  AM,6.990,,,,
14844,03/15/18 10:10:00  AM,7.015,,,,
14845,03/15/18 10:20:00  AM,6.990,,,,
14846,03/15/18 10:30:00  AM,6.990,,,,
14847,03/15/18 10:40:00  AM,7.015,,,,
14848,03/15/18 10:50:00  AM,7.015,,,,
14849,03/15/18 11:00:00  AM,7.015,,,,
14850,03/15/18 11:10:00  AM,7.091,,,,
14851,03/15/18 11:20:00  AM,7.142,,,,
14852,03/15/18 11:30:00  AM,7.167,,,,
14853,03/15/18 11:40:00  AM,7.293,,,,
14854,03/15/18 11:50:00  AM,7.293,,,,
14855,03/15/18 12:00:00  PM,7.268,,,,
14856,03/15/18 12:10:00  PM,7.293,,,,
14857,03/15/18 12:20:00  PM,7.268,,,,
14858,03/15/18 12:30:00  PM,7.343,,,,
14859,03/15/18 12:40:00  PM,7.393,,,,
14860,03/15/18 12:50:00  PM,7.444,,,,
14861,03/15/18 01:00:00  PM,7.519,,,,
14862,03/15/18 01:10:00  PM,7.569,,,,
14863,03/15/18 01:20:00  PM,7.569,,,,
14864,03/15/18 01:30:00  PM,7.569,,,,
14865,03/15/18 01:40:00  PM,7.569,,,,
14866,03/15/18 01:50:00  PM,7.569,,,,
14867,03/15/18 02:00:00  PM,7.569,,,,
14868,03/15/18 02:10:00  PM,7.569,,,,
14869,03/15/18 02:20:00  PM,7.519,,,,
14870,03/15/18 02:30:00  PM,7.444,,,,
14871,03/15/18 02:40:00  PM,7.419,,,,
14872,03/15/18 02:50:00  PM,7.368,,,,
14873,03/15/18 03:00:00  PM,7.368,,,,
14874,03/15/18 03:10:00  PM,7.393,,,,
14875,03/15/18 03:20:00  PM,7.393,,,,
14876,03/15/18 03:30:00  PM,7.368,,,,
14877,03/15/18 03:40:00  PM,7.318,,,,
14878,03/15/18 03:50:00  PM,7.318,,,,
14879,03/15/18 04:00:00  PM,7.318,,,,
14880,03/15/18 04:10:00  PM,7.318,,,,
14881,03/15/18 04:20:00  PM,7.293,,,,
14882,03/15/18 04:30:00  PM,7.268,,,,
14883,03/15/18 04:40:00  PM,7.242,,,,
14884,03/15/18 04:50:00  PM,7.242,,,,
14885,03/15/18 05:00:00  PM,7.217,,,,
14886,03/15/18 05:10:00  PM,7.217,,,,
14887,03/15/18 05:20:00  PM,7.217,,,,
14888,03/15/18 05:30:00  PM,7.192,,,,
14889,03/15/18 05:40:00  PM,7.192,,,,
14890,03/15/18 05:50:00  PM,7.167,,,,
14891,03/15/18 06:00:00  PM,7.167,,,,
14892,03/15/18 06:10:00  PM,7.167,,,,
14893,03/15/18 06:20:00  PM,7.142,,,,
14894,03/15/18 06:30:00  PM,7.142,,,,
14895,03/15/18 06:40:00  PM,7.142,,,,
14896,03/15/18 06:50:00  PM,7.116,,,,
14897,03/15/18 07:00:00  PM,7.116,,,,
14898,03/15/18 07:10:00  PM,7.091,,,,
14899,03/15/18 07:20:00  PM,7.091,,,,
14900,03/15/18 07:30:00  PM,7.041,,,,
14901,03/15/18 07:40:00  PM,7.041,,,,
14902,03/15/18 07:50:00  PM,7.041,,,,
14903,03/15/18 08:00:00  PM,7.015,,,,
14904,03/15/18 08:10:00  PM,7.015,,,,
14905,03/15/18 08:20:00  PM,6.965,,,,
14906,03/15/18 08:30:00  PM,6.889,,,,
14907,03/15/18 08:40:00  PM,6.965,,,,
14908,03/15/18 08:50:00  PM,6.965,,,,
14909,03/15/18 09:00:00  PM,6.965,,,,
14910,03/15/18 09:10:00  PM,6.965,,,,
14911,03/15/18 09:20:00  PM,7.015,,,,
14912,03/15/18 09:30:00  PM,7.066,,,,
14913,03/15/18 09:40:00  PM,7.015,,,,
14914,03/15/18 09:50:00  PM,7.015,,,,
14915,03/15/18 10:00:00  PM,7.015,,,,
14916,03/15/18 10:10:00  PM,7.015,,,,
14917,03/15/18 10:20:00  PM,7.066,,,,
14918,03/15/18 10:30:00  PM,7.116,,,,
14919,03/15/18 10:40:00  PM,7.066,,,,
14920,03/15/18 10:50:00  PM,7.142,,,,
14921,03/15/18 11:00:00  PM,7.192,,,,
14922,03/15/18 11:10:00  PM,7.192,,,,
14923,03/15/18 11:20:00  PM,7.217,,,,
14924,03/15/18 11:30:00  PM,7.242,,,,
14925,03/15/18 11:40:00  PM,7.217,,,,
14926,03/15/18 11:50:00  PM,7.217,,,,
14927,03/16/18 12:00:00  AM,7.268,,,,
14928,03/16/18 12:10:00  AM,7.293,,,,
14929,03/16/18 12:20:00  AM,7.318,,,,
14930,03/16/18 12:30:00  AM,7.343,,,,
14931,03/16/18 12:40:00  AM,7.343,,,,
14932,03/16/18 12:50:00  AM,7.393,,,,
14933,03/16/18 01:00:00  AM,7.444,,,,
14934,03/16/18 01:10:00  AM,7.594,,,,
14935,03/16/18 01:20:00  AM,7.569,,,,
14936,03/16/18 01:30:00  AM,7.469,,,,
14937,03/16/18 01:40:00  AM,7.494,,,,
14938,03/16/18 01:50:00  AM,7.494,,,,
14939,03/16/18 02:00:00  AM,7.494,,,,
14940,03/16/18 02:10:00  AM,7.519,,,,
14941,03/16/18 02:20:00  AM,7.544,,,,
14942,03/16/18 02:30:00  AM,7.544,,,,
14943,03/16/18 02:40:00  AM,7.469,,,,
14944,03/16/18 02:50:00  AM,7.444,,,,
14945,03/16/18 03:00:00  AM,7.469,,,,
14946,03/16/18 03:10:00  AM,7.469,,,,
14947,03/16/18 03:20:00  AM,7.444,,,,
14948,03/16/18 03:30:00  AM,7.494,,,,
14949,03/16/18 03:40:00  AM,7.494,,,,
14950,03/16/18 03:50:00  AM,7.494,,,,
14951,03/16/18 04:00:00  AM,7.494,,,,
14952,03/16/18 04:10:00  AM,7.444,,,,
14953,03/16/18 04:20:00  AM,7.419,,,,
14954,03/16/18 04:30:00  AM,7.419,,,,
14955,03/16/18 04:40:00  AM,7.419,,,,
14956,03/16/18 04:50:00  AM,7.419,,,,
14957,03/16/18 05:00:00  AM,7.318,,,,
14958,03/16/18 05:10:00  AM,7.318,,,,
14959,03/16/18 05:20:00  AM,7.318,,,,
14960,03/16/18 05:30:00  AM,7.293,,,,
14961,03/16/18 05:40:00  AM,7.268,,,,
14962,03/16/18 05:50:00  AM,7.268,,,,
14963,03/16/18 06:00:00  AM,7.242,,,,
14964,03/16/18 06:10:00  AM,7.192,,,,
14965,03/16/18 06:20:00  AM,7.167,,,,
14966,03/16/18 06:30:00  AM,7.091,,,,
14967,03/16/18 06:40:00  AM,7.041,,,,
14968,03/16/18 06:50:00  AM,7.015,,,,
14969,03/16/18 07:00:00  AM,7.015,,,,
14970,03/16/18 07:10:00  AM,6.990,,,,
14971,03/16/18 07:20:00  AM,6.990,,,,
14972,03/16/18 07:30:00  AM,6.990,,,,
14973,03/16/18 07:40:00  AM,6.990,,,,
14974,03/16/18 07:50:00  AM,7.066,,,,
14975,03/16/18 08:00:00  AM,6.990,,,,
14976,03/16/18 08:10:00  AM,6.965,,,,
14977,03/16/18 08:20:00  AM,6.990,,,,
14978,03/16/18 08:30:00  AM,6.940,,,,
14979,03/16/18 08:40:00  AM,6.914,,,,
14980,03/16/18 08:50:00  AM,6.940,,,,
14981,03/16/18 09:00:00  AM,6.914,,,,
14982,03/16/18 09:10:00  AM,6.990,,,,
14983,03/16/18 09:20:00  AM,6.990,,,,
14984,03/16/18 09:30:00  AM,6.965,,,,
14985,03/16/18 09:40:00  AM,6.965,,,,
14986,03/16/18 09:50:00  AM,6.965,,,,
14987,03/16/18 10:00:00  AM,7.015,,,,
14988,03/16/18 10:10:00  AM,6.990,,,,
14989,03/16/18 10:20:00  AM,6.990,,,,
14990,03/16/18 10:30:00  AM,6.990,,,,
14991,03/16/18 10:40:00  AM,7.015,,,,
14992,03/16/18 10:50:00  AM,6.990,,,,
14993,03/16/18 11:00:00  AM,7.015,,,,
14994,03/16/18 11:10:00  AM,7.217,,,,
14995,03/16/18 11:20:00  AM,7.217,,,,
14996,03/16/18 11:30:00  AM,7.192,,,,
14997,03/16/18 11:40:00  AM,7.242,,,,
14998,03/16/18 11:50:00  AM,7.217,,,,
14999,03/16/18 12:00:00  PM,7.318,,,,
15000,03/16/18 12:10:00  PM,7.343,,,,
15001,03/16/18 12:20:00  PM,7.368,,,,
15002,03/16/18 12:30:00  PM,7.393,,,,
15003,03/16/18 12:40:00  PM,7.419,,,,
15004,03/16/18 12:50:00  PM,7.393,,,,
15005,03/16/18 01:00:00  PM,7.444,,,,
15006,03/16/18 01:10:00  PM,7.444,,,,
15007,03/16/18 01:20:00  PM,7.469,,,,
15008,03/16/18 01:30:00  PM,7.494,,,,
15009,03/16/18 01:40:00  PM,7.544,,,,
15010,03/16/18 01:50:00  PM,7.544,,,,
15011,03/16/18 02:00:00  PM,7.544,,,,
15012,03/16/18 02:10:00  PM,7.569,,,,
15013,03/16/18 02:20:00  PM,7.544,,,,
15014,03/16/18 02:30:00  PM,7.569,,,,
15015,03/16/18 02:40:00  PM,7.544,,,,
15016,03/16/18 02:50:00  PM,7.569,,,,
15017,03/16/18 03:00:00  PM,7.544,,,,
15018,03/16/18 03:10:00  PM,7.569,,,,
15019,03/16/18 03:20:00  PM,7.544,,,,
15020,03/16/18 03:30:00  PM,7.544,,,,
15021,03/16/18 03:40:00  PM,7.519,,,,
15022,03/16/18 03:50:00  PM,7.469,,,,
15023,03/16/18 04:00:00  PM,7.444,,,,
15024,03/16/18 04:10:00  PM,7.444,,,,
15025,03/16/18 04:20:00  PM,7.419,,,,
15026,03/16/18 04:30:00  PM,7.419,,,,
15027,03/16/18 04:40:00  PM,7.419,,,,
15028,03/16/18 04:50:00  PM,7.393,,,,
15029,03/16/18 05:00:00  PM,7.368,,,,
15030,03/16/18 05:10:00  PM,7.368,,,,
15031,03/16/18 05:20:00  PM,7.368,,,,
15032,03/16/18 05:30:00  PM,7.343,,,,
15033,03/16/18 05:40:00  PM,7.293,,,,
15034,03/16/18 05:50:00  PM,7.268,,,,
15035,03/16/18 06:00:00  PM,7.268,,,,
15036,03/16/18 06:10:00  PM,7.242,,,,
15037,03/16/18 06:20:00  PM,7.217,,,,
15038,03/16/18 06:30:00  PM,7.217,,,,
15039,03/16/18 06:40:00  PM,7.217,,,,
15040,03/16/18 06:50:00  PM,7.242,,,,
15041,03/16/18 07:00:00  PM,7.242,,,,
15042,03/16/18 07:10:00  PM,7.242,,,,
15043,03/16/18 07:20:00  PM,7.217,,,,
15044,03/16/18 07:30:00  PM,7.293,,,,
15045,03/16/18 07:40:00  PM,7.242,,,,
15046,03/16/18 07:50:00  PM,7.217,,,,
15047,03/16/18 08:00:00  PM,7.142,,,,
15048,03/16/18 08:10:00  PM,7.142,,,,
15049,03/16/18 08:20:00  PM,7.116,,,,
15050,03/16/18 08:30:00  PM,7.142,,,,
15051,03/16/18 08:40:00  PM,7.116,,,,
15052,03/16/18 08:50:00  PM,7.116,,,,
15053,03/16/18 09:00:00  PM,7.066,,,,
15054,03/16/18 09:10:00  PM,7.066,,,,
15055,03/16/18 09:20:00  PM,7.116,,,,
15056,03/16/18 09:30:00  PM,7.066,,,,
15057,03/16/18 09:40:00  PM,7.041,,,,
15058,03/16/18 09:50:00  PM,7.041,,,,
15059,03/16/18 10:00:00  PM,6.990,,,,
15060,03/16/18 10:10:00  PM,6.965,,,,
15061,03/16/18 10:20:00  PM,6.940,,,,
15062,03/16/18 10:30:00  PM,6.914,,,,
15063,03/16/18 10:40:00  PM,6.914,,,,
15064,03/16/18 10:50:00  PM,6.914,,,,
15065,03/16/18 11:00:00  PM,6.940,,,,
15066,03/16/18 11:10:00  PM,6.940,,,,
15067,03/16/18 11:20:00  PM,6.965,,,,
15068,03/16/18 11:30:00  PM,6.990,,,,
15069,03/16/18 11:40:00  PM,6.990,,,,
15070,03/16/18 11:50:00  PM,7.217,,,,
15071,03/17/18 12:00:00  AM,7.192,,,,
15072,03/17/18 12:10:00  AM,7.368,,,,
15073,03/17/18 12:20:00  AM,7.368,,,,
15074,03/17/18 12:30:00  AM,7.343,,,,
15075,03/17/18 12:40:00  AM,7.419,,,,
15076,03/17/18 12:50:00  AM,7.419,,,,
15077,03/17/18 01:00:00  AM,7.393,,,,
15078,03/17/18 01:10:00  AM,7.368,,,,
15079,03/17/18 01:20:00  AM,7.393,,,,
15080,03/17/18 01:30:00  AM,7.393,,,,
15081,03/17/18 01:40:00  AM,7.393,,,,
15082,03/17/18 01:50:00  AM,7.469,,,,
15083,03/17/18 02:00:00  AM,7.444,,,,
15084,03/17/18 02:10:00  AM,7.444,,,,
15085,03/17/18 02:20:00  AM,7.519,,,,
15086,03/17/18 02:30:00  AM,7.519,,,,
15087,03/17/18 02:40:00  AM,7.519,,,,
15088,03/17/18 02:50:00  AM,7.544,,,,
15089,03/17/18 03:00:00  AM,7.569,,,,
15090,03/17/18 03:10:00  AM,7.569,,,,
15091,03/17/18 03:20:00  AM,7.519,,,,
15092,03/17/18 03:30:00  AM,7.544,,,,
15093,03/17/18 03:40:00  AM,7.544,,,,
15094,03/17/18 03:50:00  AM,7.494,,,,
15095,03/17/18 04:00:00  AM,7.494,,,,
15096,03/17/18 04:10:00  AM,7.494,,,,
15097,03/17/18 04:20:00  AM,7.494,,,,
15098,03/17/18 04:30:00  AM,7.494,,,,
15099,03/17/18 04:40:00  AM,7.494,,,,
15100,03/17/18 04:50:00  AM,7.469,,,,
15101,03/17/18 05:00:00  AM,7.469,,,,
15102,03/17/18 05:10:00  AM,7.444,,,,
15103,03/17/18 05:20:00  AM,7.444,,,,
15104,03/17/18 05:30:00  AM,7.444,,,,
15105,03/17/18 05:40:00  AM,7.444,,,,
15106,03/17/18 05:50:00  AM,7.444,,,,
15107,03/17/18 06:00:00  AM,7.444,,,,
15108,03/17/18 06:10:00  AM,7.419,,,,
15109,03/17/18 06:20:00  AM,7.419,,,,
15110,03/17/18 06:30:00  AM,7.419,,,,
15111,03/17/18 06:40:00  AM,7.419,,,,
15112,03/17/18 06:50:00  AM,7.368,,,,
15113,03/17/18 07:00:00  AM,7.368,,,,
15114,03/17/18 07:10:00  AM,7.368,,,,
15115,03/17/18 07:20:00  AM,7.368,,,,
15116,03/17/18 07:30:00  AM,7.293,,,,
15117,03/17/18 07:40:00  AM,7.293,,,,
15118,03/17/18 07:50:00  AM,7.268,,,,
15119,03/17/18 08:00:00  AM,7.192,,,,
15120,03/17/18 08:10:00  AM,7.116,,,,
15121,03/17/18 08:20:00  AM,7.116,,,,
15122,03/17/18 08:30:00  AM,7.142,,,,
15123,03/17/18 08:40:00  AM,7.066,,,,
15124,03/17/18 08:50:00  AM,7.041,,,,
15125,03/17/18 09:00:00  AM,7.015,,,,
15126,03/17/18 09:10:00  AM,7.015,,,,
15127,03/17/18 09:20:00  AM,6.990,,,,
15128,03/17/18 09:30:00  AM,6.990,,,,
15129,03/17/18 09:40:00  AM,6.990,,,,
15130,03/17/18 09:50:00  AM,6.965,,,,
15131,03/17/18 10:00:00  AM,6.965,,,,
15132,03/17/18 10:10:00  AM,6.940,,,,
15133,03/17/18 10:20:00  AM,6.940,,,,
15134,03/17/18 10:30:00  AM,6.914,,,,
15135,03/17/18 10:40:00  AM,6.889,,,,
15136,03/17/18 10:50:00  AM,6.889,,,,
15137,03/17/18 11:00:00  AM,6.889,,,,
15138,03/17/18 11:10:00  AM,6.889,,,,
15139,03/17/18 11:20:00  AM,6.889,,,,
15140,03/17/18 11:30:00  AM,6.940,,,,
15141,03/17/18 11:40:00  AM,6.965,,,,
15142,03/17/18 11:50:00  AM,6.990,,,,
15143,03/17/18 12:00:00  PM,7.091,,,,
15144,03/17/18 12:10:00  PM,7.318,,,,
15145,03/17/18 12:20:00  PM,7.318,,,,
15146,03/17/18 12:30:00  PM,7.318,,,,
15147,03/17/18 12:40:00  PM,7.318,,,,
15148,03/17/18 12:50:00  PM,7.318,,,,
15149,03/17/18 01:00:00  PM,7.318,,,,
15150,03/17/18 01:10:00  PM,7.393,,,,
15151,03/17/18 01:20:00  PM,7.419,,,,
15152,03/17/18 01:30:00  PM,7.393,,,,
15153,03/17/18 01:40:00  PM,7.419,,,,
15154,03/17/18 01:50:00  PM,7.469,,,,
15155,03/17/18 02:00:00  PM,7.419,,,,
15156,03/17/18 02:10:00  PM,7.217,,,,
15157,03/17/18 02:15:37  PM,,,Logged,,
15158,03/17/18 02:15:40  PM,,,,Logged,Logged
